143 1719293030 0,200000 -1,000000 -101,000000 0,000000 0,000000
143 1719293031 0,200000 -1,000000 -101,000000 0,000000 0,000000
143 1719293032 0,200000 -1,000000 -101,000000 0,000000 0,000000
143 1719293033 0,200000 -1,000000 -101,000000 0,000000 0,000000
143 1719293034 0,200000 -1,000000 -101,000000 0,000000 0,000000
146 1719293030 0,200000 -1,000000 -101,000000 0,000000 0,000000
146 1719293031 0,200000 -1,000000 -101,000000 0,000000 0,000000
146 1719293032 0,200000 -1,000000 -101,000000 0,000000 0,000000
146 1719293033 0,200000 -1,000000 -101,000000 0,000000 0,000000
146 1719293034 0,200000 -1,000000 -101,000000 0,000000 0,000000
146 1719293254 0,200000 -1,000000 0,200000 0,200000 0,008000
146 1719293253 0,200000 -1,000000 0,200000 0,200000 0,008000
146 1719293252 0,200000 -1,000000 0,200000 0,200000 0,008000
146 1719293251 0,200000 -1,000000 0,200000 0,200000 0,008000
146 1719293250 0,200000 -1,000000 0,200000 0,200000 0,008000
146 1719293244 0,200000 -1,000000 0,200000 0,200000 0,008000
146 1719293243 0,200000 -1,000000 0,200000 0,200000 0,008000
146 1719293242 0,200000 -1,000000 0,200000 0,200000 0,008000
146 1719293241 0,200000 -1,000000 0,200000 0,200000 0,008000
146 1719293240 0,200000 -1,000000 0,200000 0,200000 0,008000
146 1719293229 0,400000 -1,000000 0,400000 0,400000 0,032000
146 1719293228 0,400000 -1,000000 0,400000 0,400000 0,032000
146 1719293227 0,400000 -1,000000 0,400000 0,400000 0,032000
146 1719293226 0,400000 -1,000000 0,400000 0,400000 0,032000
146 1719293225 0,400000 -1,000000 0,400000 0,400000 0,032000
146 1719293224 0,200000 -1,000000 0,200000 0,200000 0,008000
146 1719293223 0,200000 -1,000000 0,200000 0,200000 0,008000
146 1719293222 0,200000 -1,000000 0,200000 0,200000 0,008000
146 1719293221 0,200000 -1,000000 0,200000 0,200000 0,008000
146 1719293220 0,200000 -1,000000 0,200000 0,200000 0,008000
146 1719293214 0,200000 -1,000000 0,200000 0,200000 0,008000
146 1719293213 0,200000 -1,000000 0,200000 0,200000 0,008000
146 1719293212 0,200000 -1,000000 0,200000 0,200000 0,008000
146 1719293211 0,200000 -1,000000 0,200000 0,200000 0,008000
146 1719293210 0,200000 -1,000000 0,200000 0,200000 0,008000
143 1719293254 0,200000 -1,000000 0,200000 0,200000 0,008000
143 1719293253 0,200000 -1,000000 0,200000 0,200000 0,008000
143 1719293252 0,200000 -1,000000 0,200000 0,200000 0,008000
143 1719293251 0,200000 -1,000000 0,200000 0,200000 0,008000
143 1719293250 0,200000 -1,000000 0,200000 0,200000 0,008000
143 1719293244 0,200000 -1,000000 0,200000 0,200000 0,008000
143 1719293243 0,200000 -1,000000 0,200000 0,200000 0,008000
143 1719293242 0,200000 -1,000000 0,200000 0,200000 0,008000
143 1719293241 0,200000 -1,000000 0,200000 0,200000 0,008000
143 1719293240 0,200000 -1,000000 0,200000 0,200000 0,008000
143 1719293229 0,400000 -1,000000 0,400000 0,400000 0,032000
143 1719293228 0,400000 -1,000000 0,400000 0,400000 0,032000
143 1719293227 0,400000 -1,000000 0,400000 0,400000 0,032000
143 1719293226 0,400000 -1,000000 0,400000 0,400000 0,032000
143 1719293225 0,400000 -1,000000 0,400000 0,400000 0,032000
143 1719293224 0,200000 -1,000000 0,200000 0,200000 0,008000
143 1719293223 0,200000 -1,000000 0,200000 0,200000 0,008000
143 1719293222 0,200000 -1,000000 0,200000 0,200000 0,008000
143 1719293221 0,200000 -1,000000 0,200000 0,200000 0,008000
143 1719293220 0,200000 -1,000000 0,200000 0,200000 0,008000
143 1719293214 0,200000 -1,000000 0,200000 0,200000 0,008000
143 1719293213 0,200000 -1,000000 0,200000 0,200000 0,008000
143 1719293212 0,200000 -1,000000 0,200000 0,200000 0,008000
143 1719293211 0,200000 -1,000000 0,200000 0,200000 0,008000
143 1719293210 0,200000 -1,000000 0,200000 0,200000 0,008000
143 1719293210 0,200000 -1,000000 -101,000000 0,000000 0,000000
143 1719293211 0,200000 -1,000000 -101,000000 0,000000 0,000000
143 1719293212 0,200000 -1,000000 -101,000000 0,000000 0,000000
143 1719293213 0,200000 -1,000000 -101,000000 0,000000 0,000000
143 1719293214 0,200000 -1,000000 -101,000000 0,000000 0,000000
143 1719293220 0,200000 -1,000000 -101,000000 0,000000 0,000000
143 1719293221 0,200000 -1,000000 -101,000000 0,000000 0,000000
143 1719293222 0,200000 -1,000000 -101,000000 0,000000 0,000000
143 1719293223 0,200000 -1,000000 -101,000000 0,000000 0,000000
143 1719293224 0,200000 -1,000000 -101,000000 0,000000 0,000000
143 1719293225 0,400000 -1,000000 -101,000000 0,000000 0,000000
143 1719293226 0,400000 -1,000000 -101,000000 0,000000 0,000000
143 1719293227 0,400000 -1,000000 -101,000000 0,000000 0,000000
143 1719293228 0,400000 -1,000000 -101,000000 0,000000 0,000000
143 1719293229 0,400000 -1,000000 -101,000000 0,000000 0,000000
146 1719293210 0,200000 -1,000000 -101,000000 0,000000 0,000000
146 1719293211 0,200000 -1,000000 -101,000000 0,000000 0,000000
146 1719293212 0,200000 -1,000000 -101,000000 0,000000 0,000000
146 1719293213 0,200000 -1,000000 -101,000000 0,000000 0,000000
146 1719293214 0,200000 -1,000000 -101,000000 0,000000 0,000000
146 1719293220 0,200000 -1,000000 -101,000000 0,000000 0,000000
146 1719293221 0,200000 -1,000000 -101,000000 0,000000 0,000000
146 1719293222 0,200000 -1,000000 -101,000000 0,000000 0,000000
146 1719293223 0,200000 -1,000000 -101,000000 0,000000 0,000000
146 1719293224 0,200000 -1,000000 -101,000000 0,000000 0,000000
146 1719293225 0,400000 -1,000000 -101,000000 0,000000 0,000000
146 1719293226 0,400000 -1,000000 -101,000000 0,000000 0,000000
146 1719293227 0,400000 -1,000000 -101,000000 0,000000 0,000000
146 1719293228 0,400000 -1,000000 -101,000000 0,000000 0,000000
146 1719293229 0,400000 -1,000000 -101,000000 0,000000 0,000000
143 1719293240 0,200000 -1,000000 -101,000000 0,000000 0,000000
143 1719293241 0,200000 -1,000000 -101,000000 0,000000 0,000000
143 1719293242 0,200000 -1,000000 -101,000000 0,000000 0,000000
143 1719293243 0,200000 -1,000000 -101,000000 0,000000 0,000000
143 1719293244 0,200000 -1,000000 -101,000000 0,000000 0,000000
143 1719293250 0,200000 -1,000000 -101,000000 0,000000 0,000000
143 1719293251 0,200000 -1,000000 -101,000000 0,000000 0,000000
143 1719293252 0,200000 -1,000000 -101,000000 0,000000 0,000000
143 1719293253 0,200000 -1,000000 -101,000000 0,000000 0,000000
143 1719293254 0,200000 -1,000000 -101,000000 0,000000 0,000000
143 1719293255 0,200000 -1,000000 -101,000000 0,000000 0,000000
143 1719293256 0,200000 -1,000000 -101,000000 0,000000 0,000000
143 1719293257 0,200000 -1,000000 -101,000000 0,000000 0,000000
143 1719293258 0,200000 -1,000000 -101,000000 0,000000 0,000000
143 1719293259 0,200000 -1,000000 -101,000000 0,000000 0,000000
143 1719293295 0,200000 -1,000000 -101,000000 0,000000 0,000000
143 1719293296 0,200000 -1,000000 -101,000000 0,000000 0,000000
143 1719293297 0,200000 -1,000000 -101,000000 0,000000 0,000000
143 1719293298 0,200000 -1,000000 -101,000000 0,000000 0,000000
143 1719293299 0,200000 -1,000000 -101,000000 0,000000 0,000000
146 1719293240 0,200000 -1,000000 -101,000000 0,000000 0,000000
146 1719293241 0,200000 -1,000000 -101,000000 0,000000 0,000000
146 1719293242 0,200000 -1,000000 -101,000000 0,000000 0,000000
146 1719293243 0,200000 -1,000000 -101,000000 0,000000 0,000000
146 1719293244 0,200000 -1,000000 -101,000000 0,000000 0,000000
146 1719293250 0,200000 -1,000000 -101,000000 0,000000 0,000000
146 1719293251 0,200000 -1,000000 -101,000000 0,000000 0,000000
146 1719293252 0,200000 -1,000000 -101,000000 0,000000 0,000000
146 1719293253 0,200000 -1,000000 -101,000000 0,000000 0,000000
146 1719293254 0,200000 -1,000000 -101,000000 0,000000 0,000000
146 1719293255 0,200000 -1,000000 -101,000000 0,000000 0,000000
146 1719293256 0,200000 -1,000000 -101,000000 0,000000 0,000000
146 1719293257 0,200000 -1,000000 -101,000000 0,000000 0,000000
146 1719293258 0,200000 -1,000000 -101,000000 0,000000 0,000000
146 1719293259 0,200000 -1,000000 -101,000000 0,000000 0,000000
146 1719293295 0,200000 -1,000000 -101,000000 0,000000 0,000000
146 1719293296 0,200000 -1,000000 -101,000000 0,000000 0,000000
146 1719293297 0,200000 -1,000000 -101,000000 0,000000 0,000000
146 1719293298 0,200000 -1,000000 -101,000000 0,000000 0,000000
146 1719293299 0,200000 -1,000000 -101,000000 0,000000 0,000000
143 1719293565 0,400000 -1,000000 -101,000000 0,000000 0,000000
143 1719293566 0,400000 -1,000000 -101,000000 0,000000 0,000000
143 1719293567 0,400000 -1,000000 -101,000000 0,000000 0,000000
143 1719293568 0,400000 -1,000000 -101,000000 0,000000 0,000000
143 1719293569 0,400000 -1,000000 -101,000000 0,000000 0,000000
146 1719293565 0,400000 -1,000000 -101,000000 0,000000 0,000000
146 1719293566 0,400000 -1,000000 -101,000000 0,000000 0,000000
146 1719293567 0,400000 -1,000000 -101,000000 0,000000 0,000000
146 1719293568 0,400000 -1,000000 -101,000000 0,000000 0,000000
146 1719293569 0,400000 -1,000000 -101,000000 0,000000 0,000000
143 1719293580 0,400000 -1,000000 -101,000000 0,000000 0,000000
143 1719293581 0,400000 -1,000000 -101,000000 0,000000 0,000000
143 1719293582 0,400000 -1,000000 -101,000000 0,000000 0,000000
143 1719293583 0,400000 -1,000000 -101,000000 0,000000 0,000000
143 1719293584 0,400000 -1,000000 -101,000000 0,000000 0,000000
146 1719293580 0,400000 -1,000000 -101,000000 0,000000 0,000000
146 1719293581 0,400000 -1,000000 -101,000000 0,000000 0,000000
146 1719293582 0,400000 -1,000000 -101,000000 0,000000 0,000000
146 1719293583 0,400000 -1,000000 -101,000000 0,000000 0,000000
146 1719293584 0,400000 -1,000000 -101,000000 0,000000 0,000000
143 1719293600 0,200000 -1,000000 -101,000000 0,000000 0,000000
143 1719293601 0,200000 -1,000000 -101,000000 0,000000 0,000000
143 1719293602 0,200000 -1,000000 -101,000000 0,000000 0,000000
143 1719293603 0,200000 -1,000000 -101,000000 0,000000 0,000000
143 1719293604 0,200000 -1,000000 -101,000000 0,000000 0,000000
143 1719293625 0,200000 -1,000000 -101,000000 0,000000 0,000000
143 1719293626 0,200000 -1,000000 -101,000000 0,000000 0,000000
143 1719293627 0,200000 -1,000000 -101,000000 0,000000 0,000000
143 1719293628 0,200000 -1,000000 -101,000000 0,000000 0,000000
143 1719293629 0,200000 -1,000000 -101,000000 0,000000 0,000000
143 1719293630 0,200000 -1,000000 -101,000000 0,000000 0,000000
143 1719293631 0,200000 -1,000000 -101,000000 0,000000 0,000000
143 1719293632 0,200000 -1,000000 -101,000000 0,000000 0,000000
143 1719293633 0,200000 -1,000000 -101,000000 0,000000 0,000000
143 1719293634 0,200000 -1,000000 -101,000000 0,000000 0,000000
143 1719293650 0,200000 -1,000000 -101,000000 0,000000 0,000000
143 1719293651 0,200000 -1,000000 -101,000000 0,000000 0,000000
143 1719293652 0,200000 -1,000000 -101,000000 0,000000 0,000000
143 1719293653 0,200000 -1,000000 -101,000000 0,000000 0,000000
143 1719293654 0,200000 -1,000000 -101,000000 0,000000 0,000000
146 1719293600 0,200000 -1,000000 -101,000000 0,000000 0,000000
146 1719293601 0,200000 -1,000000 -101,000000 0,000000 0,000000
146 1719293602 0,200000 -1,000000 -101,000000 0,000000 0,000000
146 1719293603 0,200000 -1,000000 -101,000000 0,000000 0,000000
146 1719293604 0,200000 -1,000000 -101,000000 0,000000 0,000000
146 1719293625 0,200000 -1,000000 -101,000000 0,000000 0,000000
146 1719293626 0,200000 -1,000000 -101,000000 0,000000 0,000000
146 1719293627 0,200000 -1,000000 -101,000000 0,000000 0,000000
146 1719293628 0,200000 -1,000000 -101,000000 0,000000 0,000000
146 1719293629 0,200000 -1,000000 -101,000000 0,000000 0,000000
146 1719293630 0,200000 -1,000000 -101,000000 0,000000 0,000000
146 1719293631 0,200000 -1,000000 -101,000000 0,000000 0,000000
146 1719293632 0,200000 -1,000000 -101,000000 0,000000 0,000000
146 1719293633 0,200000 -1,000000 -101,000000 0,000000 0,000000
146 1719293634 0,200000 -1,000000 -101,000000 0,000000 0,000000
146 1719293650 0,200000 -1,000000 -101,000000 0,000000 0,000000
146 1719293651 0,200000 -1,000000 -101,000000 0,000000 0,000000
146 1719293652 0,200000 -1,000000 -101,000000 0,000000 0,000000
146 1719293653 0,200000 -1,000000 -101,000000 0,000000 0,000000
146 1719293654 0,200000 -1,000000 -101,000000 0,000000 0,000000
143 1719293895 0,200000 -1,000000 -101,000000 0,000000 0,000000
146 1719293895 0,200000 -1,000000 -101,000000 0,000000 0,000000
143 1719293896 0,200000 -1,000000 -101,000000 0,000000 0,000000
143 1719293897 0,200000 -1,000000 -101,000000 0,000000 0,000000
143 1719293898 0,200000 -1,000000 -101,000000 0,000000 0,000000
143 1719293899 0,200000 -1,000000 -101,000000 0,000000 0,000000
143 1719293900 0,200000 -1,000000 -101,000000 0,000000 0,000000
143 1719293901 0,200000 -1,000000 -101,000000 0,000000 0,000000
143 1719293902 0,200000 -1,000000 -101,000000 0,000000 0,000000
143 1719293903 0,200000 -1,000000 -101,000000 0,000000 0,000000
143 1719293904 0,200000 -1,000000 -101,000000 0,000000 0,000000
143 1719293905 0,200000 -1,000000 -101,000000 0,000000 0,000000
146 1719293896 0,200000 -1,000000 -101,000000 0,000000 0,000000
146 1719293897 0,200000 -1,000000 -101,000000 0,000000 0,000000
146 1719293898 0,200000 -1,000000 -101,000000 0,000000 0,000000
146 1719293899 0,200000 -1,000000 -101,000000 0,000000 0,000000
146 1719293900 0,200000 -1,000000 -101,000000 0,000000 0,000000
146 1719293901 0,200000 -1,000000 -101,000000 0,000000 0,000000
146 1719293902 0,200000 -1,000000 -101,000000 0,000000 0,000000
146 1719293903 0,200000 -1,000000 -101,000000 0,000000 0,000000
146 1719293904 0,200000 -1,000000 -101,000000 0,000000 0,000000
146 1719293905 0,200000 -1,000000 -101,000000 0,000000 0,000000
143 1719293906 0,200000 -1,000000 -101,000000 0,000000 0,000000
143 1719293907 0,200000 -1,000000 -101,000000 0,000000 0,000000
143 1719293908 0,200000 -1,000000 -101,000000 0,000000 0,000000
143 1719293909 0,200000 -1,000000 -101,000000 0,000000 0,000000
146 1719293906 0,200000 -1,000000 -101,000000 0,000000 0,000000
146 1719293907 0,200000 -1,000000 -101,000000 0,000000 0,000000
146 1719293908 0,200000 -1,000000 -101,000000 0,000000 0,000000
146 1719293909 0,200000 -1,000000 -101,000000 0,000000 0,000000
143 1719293930 0,200000 -1,000000 -101,000000 0,000000 0,000000
143 1719293931 0,200000 -1,000000 -101,000000 0,000000 0,000000
143 1719293932 0,200000 -1,000000 -101,000000 0,000000 0,000000
143 1719293933 0,200000 -1,000000 -101,000000 0,000000 0,000000
143 1719293934 0,200000 -1,000000 -101,000000 0,000000 0,000000
143 1719293950 0,200000 -1,000000 -101,000000 0,000000 0,000000
143 1719293951 0,200000 -1,000000 -101,000000 0,000000 0,000000
143 1719293952 0,200000 -1,000000 -101,000000 0,000000 0,000000
143 1719293953 0,200000 -1,000000 -101,000000 0,000000 0,000000
143 1719293954 0,200000 -1,000000 -101,000000 0,000000 0,000000
143 1719293960 0,400000 -1,000000 -101,000000 0,000000 0,000000
143 1719293961 0,400000 -1,000000 -101,000000 0,000000 0,000000
143 1719293962 0,400000 -1,000000 -101,000000 0,000000 0,000000
143 1719293963 0,400000 -1,000000 -101,000000 0,000000 0,000000
143 1719293964 0,400000 -1,000000 -101,000000 0,000000 0,000000
143 1719293965 0,200000 -1,000000 -101,000000 0,000000 0,000000
143 1719293966 0,200000 -1,000000 -101,000000 0,000000 0,000000
143 1719293967 0,200000 -1,000000 -101,000000 0,000000 0,000000
143 1719293968 0,200000 -1,000000 -101,000000 0,000000 0,000000
143 1719293969 0,200000 -1,000000 -101,000000 0,000000 0,000000
143 1719293975 0,200000 -1,000000 -101,000000 0,000000 0,000000
143 1719293976 0,200000 -1,000000 -101,000000 0,000000 0,000000
143 1719293977 0,200000 -1,000000 -101,000000 0,000000 0,000000
143 1719293978 0,200000 -1,000000 -101,000000 0,000000 0,000000
143 1719293979 0,200000 -1,000000 -101,000000 0,000000 0,000000
143 1719293980 0,200000 -1,000000 -101,000000 0,000000 0,000000
143 1719293981 0,200000 -1,000000 -101,000000 0,000000 0,000000
143 1719293982 0,200000 -1,000000 -101,000000 0,000000 0,000000
143 1719293983 0,200000 -1,000000 -101,000000 0,000000 0,000000
143 1719293984 0,200000 -1,000000 -101,000000 0,000000 0,000000
146 1719293930 0,200000 -1,000000 -101,000000 0,000000 0,000000
146 1719293931 0,200000 -1,000000 -101,000000 0,000000 0,000000
146 1719293932 0,200000 -1,000000 -101,000000 0,000000 0,000000
146 1719293933 0,200000 -1,000000 -101,000000 0,000000 0,000000
146 1719293934 0,200000 -1,000000 -101,000000 0,000000 0,000000
146 1719293950 0,200000 -1,000000 -101,000000 0,000000 0,000000
146 1719293951 0,200000 -1,000000 -101,000000 0,000000 0,000000
146 1719293952 0,200000 -1,000000 -101,000000 0,000000 0,000000
146 1719293953 0,200000 -1,000000 -101,000000 0,000000 0,000000
146 1719293954 0,200000 -1,000000 -101,000000 0,000000 0,000000
146 1719293960 0,400000 -1,000000 -101,000000 0,000000 0,000000
146 1719293961 0,400000 -1,000000 -101,000000 0,000000 0,000000
146 1719293962 0,400000 -1,000000 -101,000000 0,000000 0,000000
146 1719293963 0,400000 -1,000000 -101,000000 0,000000 0,000000
146 1719293964 0,400000 -1,000000 -101,000000 0,000000 0,000000
146 1719293965 0,200000 -1,000000 -101,000000 0,000000 0,000000
146 1719293966 0,200000 -1,000000 -101,000000 0,000000 0,000000
146 1719293967 0,200000 -1,000000 -101,000000 0,000000 0,000000
146 1719293968 0,200000 -1,000000 -101,000000 0,000000 0,000000
146 1719293969 0,200000 -1,000000 -101,000000 0,000000 0,000000
146 1719293975 0,200000 -1,000000 -101,000000 0,000000 0,000000
146 1719293976 0,200000 -1,000000 -101,000000 0,000000 0,000000
146 1719293977 0,200000 -1,000000 -101,000000 0,000000 0,000000
146 1719293978 0,200000 -1,000000 -101,000000 0,000000 0,000000
146 1719293979 0,200000 -1,000000 -101,000000 0,000000 0,000000
146 1719293980 0,200000 -1,000000 -101,000000 0,000000 0,000000
146 1719293981 0,200000 -1,000000 -101,000000 0,000000 0,000000
146 1719293982 0,200000 -1,000000 -101,000000 0,000000 0,000000
146 1719293983 0,200000 -1,000000 -101,000000 0,000000 0,000000
146 1719293984 0,200000 -1,000000 -101,000000 0,000000 0,000000
143 1719294195 0,200000 -1,000000 -101,000000 0,000000 0,000000
143 1719294196 0,200000 -1,000000 -101,000000 0,000000 0,000000
143 1719294197 0,200000 -1,000000 -101,000000 0,000000 0,000000
143 1719294198 0,200000 -1,000000 -101,000000 0,000000 0,000000
143 1719294199 0,200000 -1,000000 -101,000000 0,000000 0,000000
143 1719294220 0,400000 -1,000000 -101,000000 0,000000 0,000000
143 1719294221 0,400000 -1,000000 -101,000000 0,000000 0,000000
143 1719294222 0,400000 -1,000000 -101,000000 0,000000 0,000000
143 1719294223 0,400000 -1,000000 -101,000000 0,000000 0,000000
143 1719294224 0,400000 -1,000000 -101,000000 0,000000 0,000000
143 1719294230 0,400000 -1,000000 -101,000000 0,000000 0,000000
143 1719294231 0,400000 -1,000000 -101,000000 0,000000 0,000000
143 1719294232 0,400000 -1,000000 -101,000000 0,000000 0,000000
143 1719294233 0,400000 -1,000000 -101,000000 0,000000 0,000000
143 1719294234 0,400000 -1,000000 -101,000000 0,000000 0,000000
143 1719294235 0,200000 -1,000000 -101,000000 0,000000 0,000000
143 1719294236 0,200000 -1,000000 -101,000000 0,000000 0,000000
143 1719294237 0,200000 -1,000000 -101,000000 0,000000 0,000000
143 1719294238 0,200000 -1,000000 -101,000000 0,000000 0,000000
143 1719294239 0,200000 -1,000000 -101,000000 0,000000 0,000000
143 1719294245 0,200000 -1,000000 -101,000000 0,000000 0,000000
143 1719294246 0,200000 -1,000000 -101,000000 0,000000 0,000000
146 1719294195 0,200000 -1,000000 -101,000000 0,000000 0,000000
146 1719294196 0,200000 -1,000000 -101,000000 0,000000 0,000000
146 1719294197 0,200000 -1,000000 -101,000000 0,000000 0,000000
146 1719294198 0,200000 -1,000000 -101,000000 0,000000 0,000000
146 1719294199 0,200000 -1,000000 -101,000000 0,000000 0,000000
146 1719294220 0,400000 -1,000000 -101,000000 0,000000 0,000000
146 1719294221 0,400000 -1,000000 -101,000000 0,000000 0,000000
146 1719294222 0,400000 -1,000000 -101,000000 0,000000 0,000000
146 1719294223 0,400000 -1,000000 -101,000000 0,000000 0,000000
146 1719294224 0,400000 -1,000000 -101,000000 0,000000 0,000000
146 1719294230 0,400000 -1,000000 -101,000000 0,000000 0,000000
146 1719294231 0,400000 -1,000000 -101,000000 0,000000 0,000000
146 1719294232 0,400000 -1,000000 -101,000000 0,000000 0,000000
146 1719294233 0,400000 -1,000000 -101,000000 0,000000 0,000000
146 1719294234 0,400000 -1,000000 -101,000000 0,000000 0,000000
146 1719294235 0,200000 -1,000000 -101,000000 0,000000 0,000000
146 1719294236 0,200000 -1,000000 -101,000000 0,000000 0,000000
146 1719294237 0,200000 -1,000000 -101,000000 0,000000 0,000000
146 1719294238 0,200000 -1,000000 -101,000000 0,000000 0,000000
146 1719294239 0,200000 -1,000000 -101,000000 0,000000 0,000000
146 1719294245 0,200000 -1,000000 -101,000000 0,000000 0,000000
146 1719294246 0,200000 -1,000000 -101,000000 0,000000 0,000000
143 1719294247 0,200000 -1,000000 -101,000000 0,000000 0,000000
143 1719294248 0,200000 -1,000000 -101,000000 0,000000 0,000000
143 1719294249 0,200000 -1,000000 -101,000000 0,000000 0,000000
143 1719294250 0,200000 -1,000000 -101,000000 0,000000 0,000000
143 1719294251 0,200000 -1,000000 -101,000000 0,000000 0,000000
143 1719294252 0,200000 -1,000000 -101,000000 0,000000 0,000000
143 1719294253 0,200000 -1,000000 -101,000000 0,000000 0,000000
143 1719294254 0,200000 -1,000000 -101,000000 0,000000 0,000000
146 1719294247 0,200000 -1,000000 -101,000000 0,000000 0,000000
146 1719294248 0,200000 -1,000000 -101,000000 0,000000 0,000000
146 1719294249 0,200000 -1,000000 -101,000000 0,000000 0,000000
146 1719294250 0,200000 -1,000000 -101,000000 0,000000 0,000000
146 1719294251 0,200000 -1,000000 -101,000000 0,000000 0,000000
146 1719294252 0,200000 -1,000000 -101,000000 0,000000 0,000000
146 1719294253 0,200000 -1,000000 -101,000000 0,000000 0,000000
146 1719294254 0,200000 -1,000000 -101,000000 0,000000 0,000000
143 1719294305 0,200000 -1,000000 -101,000000 0,000000 0,000000
143 1719294306 0,200000 -1,000000 -101,000000 0,000000 0,000000
143 1719294307 0,200000 -1,000000 -101,000000 0,000000 0,000000
143 1719294308 0,200000 -1,000000 -101,000000 0,000000 0,000000
143 1719294309 0,200000 -1,000000 -101,000000 0,000000 0,000000
143 1719294320 0,200000 -1,000000 -101,000000 0,000000 0,000000
143 1719294321 0,200000 -1,000000 -101,000000 0,000000 0,000000
143 1719294322 0,200000 -1,000000 -101,000000 0,000000 0,000000
143 1719294323 0,200000 -1,000000 -101,000000 0,000000 0,000000
143 1719294324 0,200000 -1,000000 -101,000000 0,000000 0,000000
143 1719294355 0,400000 -1,000000 -101,000000 0,000000 0,000000
143 1719294356 0,400000 -1,000000 -101,000000 0,000000 0,000000
143 1719294357 0,400000 -1,000000 -101,000000 0,000000 0,000000
143 1719294358 0,400000 -1,000000 -101,000000 0,000000 0,000000
143 1719294359 0,400000 -1,000000 -101,000000 0,000000 0,000000
146 1719294305 0,200000 -1,000000 -101,000000 0,000000 0,000000
146 1719294306 0,200000 -1,000000 -101,000000 0,000000 0,000000
146 1719294307 0,200000 -1,000000 -101,000000 0,000000 0,000000
146 1719294308 0,200000 -1,000000 -101,000000 0,000000 0,000000
146 1719294309 0,200000 -1,000000 -101,000000 0,000000 0,000000
146 1719294320 0,200000 -1,000000 -101,000000 0,000000 0,000000
146 1719294321 0,200000 -1,000000 -101,000000 0,000000 0,000000
146 1719294322 0,200000 -1,000000 -101,000000 0,000000 0,000000
146 1719294323 0,200000 -1,000000 -101,000000 0,000000 0,000000
146 1719294324 0,200000 -1,000000 -101,000000 0,000000 0,000000
146 1719294355 0,400000 -1,000000 -101,000000 0,000000 0,000000
146 1719294356 0,400000 -1,000000 -101,000000 0,000000 0,000000
146 1719294357 0,400000 -1,000000 -101,000000 0,000000 0,000000
146 1719294358 0,400000 -1,000000 -101,000000 0,000000 0,000000
146 1719294359 0,400000 -1,000000 -101,000000 0,000000 0,000000
143 1719294490 0,200000 -1,000000 -101,000000 0,000000 0,000000
143 1719294491 0,200000 -1,000000 -101,000000 0,000000 0,000000
143 1719294492 0,200000 -1,000000 -101,000000 0,000000 0,000000
143 1719294493 0,200000 -1,000000 -101,000000 0,000000 0,000000
143 1719294494 0,200000 -1,000000 -101,000000 0,000000 0,000000
143 1719294500 0,200000 -1,000000 -101,000000 0,000000 0,000000
143 1719294501 0,200000 -1,000000 -101,000000 0,000000 0,000000
143 1719294502 0,200000 -1,000000 -101,000000 0,000000 0,000000
143 1719294503 0,200000 -1,000000 -101,000000 0,000000 0,000000
143 1719294504 0,200000 -1,000000 -101,000000 0,000000 0,000000
143 1719294505 0,200000 -1,000000 -101,000000 0,000000 0,000000
143 1719294506 0,200000 -1,000000 -101,000000 0,000000 0,000000
143 1719294507 0,200000 -1,000000 -101,000000 0,000000 0,000000
143 1719294508 0,200000 -1,000000 -101,000000 0,000000 0,000000
143 1719294509 0,200000 -1,000000 -101,000000 0,000000 0,000000
146 1719294490 0,200000 -1,000000 -101,000000 0,000000 0,000000
146 1719294491 0,200000 -1,000000 -101,000000 0,000000 0,000000
146 1719294492 0,200000 -1,000000 -101,000000 0,000000 0,000000
146 1719294493 0,200000 -1,000000 -101,000000 0,000000 0,000000
146 1719294494 0,200000 -1,000000 -101,000000 0,000000 0,000000
146 1719294500 0,200000 -1,000000 -101,000000 0,000000 0,000000
146 1719294501 0,200000 -1,000000 -101,000000 0,000000 0,000000
146 1719294502 0,200000 -1,000000 -101,000000 0,000000 0,000000
146 1719294503 0,200000 -1,000000 -101,000000 0,000000 0,000000
146 1719294504 0,200000 -1,000000 -101,000000 0,000000 0,000000
146 1719294505 0,200000 -1,000000 -101,000000 0,000000 0,000000
146 1719294506 0,200000 -1,000000 -101,000000 0,000000 0,000000
146 1719294507 0,200000 -1,000000 -101,000000 0,000000 0,000000
146 1719294508 0,200000 -1,000000 -101,000000 0,000000 0,000000
146 1719294509 0,200000 -1,000000 -101,000000 0,000000 0,000000
143 1719294570 0,400000 -1,000000 -101,000000 0,000000 0,000000
143 1719294571 0,400000 -1,000000 -101,000000 0,000000 0,000000
143 1719294572 0,400000 -1,000000 -101,000000 0,000000 0,000000
143 1719294573 0,400000 -1,000000 -101,000000 0,000000 0,000000
143 1719294574 0,400000 -1,000000 -101,000000 0,000000 0,000000
146 1719294570 0,400000 -1,000000 -101,000000 0,000000 0,000000
146 1719294571 0,400000 -1,000000 -101,000000 0,000000 0,000000
146 1719294572 0,400000 -1,000000 -101,000000 0,000000 0,000000
146 1719294573 0,400000 -1,000000 -101,000000 0,000000 0,000000
146 1719294574 0,400000 -1,000000 -101,000000 0,000000 0,000000
143 1719294605 0,200000 -1,000000 -101,000000 0,000000 0,000000
143 1719294606 0,200000 -1,000000 -101,000000 0,000000 0,000000
143 1719294607 0,200000 -1,000000 -101,000000 0,000000 0,000000
143 1719294608 0,200000 -1,000000 -101,000000 0,000000 0,000000
143 1719294609 0,200000 -1,000000 -101,000000 0,000000 0,000000
143 1719294620 0,200000 -1,000000 -101,000000 0,000000 0,000000
143 1719294621 0,200000 -1,000000 -101,000000 0,000000 0,000000
143 1719294622 0,200000 -1,000000 -101,000000 0,000000 0,000000
143 1719294623 0,200000 -1,000000 -101,000000 0,000000 0,000000
143 1719294624 0,200000 -1,000000 -101,000000 0,000000 0,000000
143 1719294625 0,200000 -1,000000 -101,000000 0,000000 0,000000
143 1719294626 0,200000 -1,000000 -101,000000 0,000000 0,000000
143 1719294627 0,200000 -1,000000 -101,000000 0,000000 0,000000
143 1719294628 0,200000 -1,000000 -101,000000 0,000000 0,000000
143 1719294629 0,200000 -1,000000 -101,000000 0,000000 0,000000
143 1719294635 0,200000 -1,000000 -101,000000 0,000000 0,000000
143 1719294636 0,200000 -1,000000 -101,000000 0,000000 0,000000
143 1719294637 0,200000 -1,000000 -101,000000 0,000000 0,000000
143 1719294638 0,200000 -1,000000 -101,000000 0,000000 0,000000
143 1719294639 0,200000 -1,000000 -101,000000 0,000000 0,000000
143 1719294640 0,200000 -1,000000 -101,000000 0,000000 0,000000
143 1719294641 0,200000 -1,000000 -101,000000 0,000000 0,000000
143 1719294642 0,200000 -1,000000 -101,000000 0,000000 0,000000
143 1719294643 0,200000 -1,000000 -101,000000 0,000000 0,000000
143 1719294644 0,200000 -1,000000 -101,000000 0,000000 0,000000
143 1719294695 0,200000 -1,000000 -101,000000 0,000000 0,000000
143 1719294696 0,200000 -1,000000 -101,000000 0,000000 0,000000
143 1719294697 0,200000 -1,000000 -101,000000 0,000000 0,000000
143 1719294698 0,200000 -1,000000 -101,000000 0,000000 0,000000
143 1719294699 0,200000 -1,000000 -101,000000 0,000000 0,000000
146 1719294605 0,200000 -1,000000 -101,000000 0,000000 0,000000
146 1719294606 0,200000 -1,000000 -101,000000 0,000000 0,000000
146 1719294607 0,200000 -1,000000 -101,000000 0,000000 0,000000
146 1719294608 0,200000 -1,000000 -101,000000 0,000000 0,000000
146 1719294609 0,200000 -1,000000 -101,000000 0,000000 0,000000
146 1719294620 0,200000 -1,000000 -101,000000 0,000000 0,000000
146 1719294621 0,200000 -1,000000 -101,000000 0,000000 0,000000
146 1719294622 0,200000 -1,000000 -101,000000 0,000000 0,000000
146 1719294623 0,200000 -1,000000 -101,000000 0,000000 0,000000
146 1719294624 0,200000 -1,000000 -101,000000 0,000000 0,000000
146 1719294625 0,200000 -1,000000 -101,000000 0,000000 0,000000
146 1719294626 0,200000 -1,000000 -101,000000 0,000000 0,000000
146 1719294627 0,200000 -1,000000 -101,000000 0,000000 0,000000
146 1719294628 0,200000 -1,000000 -101,000000 0,000000 0,000000
146 1719294629 0,200000 -1,000000 -101,000000 0,000000 0,000000
146 1719294635 0,200000 -1,000000 -101,000000 0,000000 0,000000
146 1719294636 0,200000 -1,000000 -101,000000 0,000000 0,000000
146 1719294637 0,200000 -1,000000 -101,000000 0,000000 0,000000
146 1719294638 0,200000 -1,000000 -101,000000 0,000000 0,000000
146 1719294639 0,200000 -1,000000 -101,000000 0,000000 0,000000
146 1719294640 0,200000 -1,000000 -101,000000 0,000000 0,000000
146 1719294641 0,200000 -1,000000 -101,000000 0,000000 0,000000
146 1719294642 0,200000 -1,000000 -101,000000 0,000000 0,000000
146 1719294643 0,200000 -1,000000 -101,000000 0,000000 0,000000
146 1719294644 0,200000 -1,000000 -101,000000 0,000000 0,000000
143 1719294835 0,200000 -1,000000 -101,000000 0,000000 0,000000
143 1719294836 0,200000 -1,000000 -101,000000 0,000000 0,000000
146 1719294835 0,200000 -1,000000 -101,000000 0,000000 0,000000
146 1719294836 0,200000 -1,000000 -101,000000 0,000000 0,000000
143 1719294837 0,200000 -1,000000 -101,000000 0,000000 0,000000
143 1719294838 0,200000 -1,000000 -101,000000 0,000000 0,000000
143 1719294839 0,200000 -1,000000 -101,000000 0,000000 0,000000
146 1719294837 0,200000 -1,000000 -101,000000 0,000000 0,000000
146 1719294838 0,200000 -1,000000 -101,000000 0,000000 0,000000
146 1719294839 0,200000 -1,000000 -101,000000 0,000000 0,000000
143 1719294845 0,200000 -1,000000 -101,000000 0,000000 0,000000
143 1719294846 0,200000 -1,000000 -101,000000 0,000000 0,000000
143 1719294847 0,200000 -1,000000 -101,000000 0,000000 0,000000
146 1719294845 0,200000 -1,000000 -101,000000 0,000000 0,000000
146 1719294846 0,200000 -1,000000 -101,000000 0,000000 0,000000
146 1719294847 0,200000 -1,000000 -101,000000 0,000000 0,000000
143 1719294848 0,200000 -1,000000 -101,000000 0,000000 0,000000
143 1719294849 0,200000 -1,000000 -101,000000 0,000000 0,000000
143 1719294855 0,200000 -1,000000 -101,000000 0,000000 0,000000
143 1719294856 0,200000 -1,000000 -101,000000 0,000000 0,000000
143 1719294857 0,200000 -1,000000 -101,000000 0,000000 0,000000
143 1719294858 0,200000 -1,000000 -101,000000 0,000000 0,000000
143 1719294859 0,200000 -1,000000 -101,000000 0,000000 0,000000
146 1719294848 0,200000 -1,000000 -101,000000 0,000000 0,000000
146 1719294849 0,200000 -1,000000 -101,000000 0,000000 0,000000
146 1719294855 0,200000 -1,000000 -101,000000 0,000000 0,000000
146 1719294856 0,200000 -1,000000 -101,000000 0,000000 0,000000
146 1719294857 0,200000 -1,000000 -101,000000 0,000000 0,000000
146 1719294858 0,200000 -1,000000 -101,000000 0,000000 0,000000
146 1719294859 0,200000 -1,000000 -101,000000 0,000000 0,000000
143 1719294865 0,200000 -1,000000 -101,000000 0,000000 0,000000
143 1719294866 0,200000 -1,000000 -101,000000 0,000000 0,000000
143 1719294867 0,200000 -1,000000 -101,000000 0,000000 0,000000
143 1719294868 0,200000 -1,000000 -101,000000 0,000000 0,000000
143 1719294869 0,200000 -1,000000 -101,000000 0,000000 0,000000
143 1719294885 0,200000 -1,000000 -101,000000 0,000000 0,000000
143 1719294886 0,200000 -1,000000 -101,000000 0,000000 0,000000
143 1719294887 0,200000 -1,000000 -101,000000 0,000000 0,000000
143 1719294888 0,200000 -1,000000 -101,000000 0,000000 0,000000
143 1719294889 0,200000 -1,000000 -101,000000 0,000000 0,000000
143 1719294890 0,200000 -1,000000 -101,000000 0,000000 0,000000
143 1719294891 0,200000 -1,000000 -101,000000 0,000000 0,000000
143 1719294892 0,200000 -1,000000 -101,000000 0,000000 0,000000
143 1719294893 0,200000 -1,000000 -101,000000 0,000000 0,000000
143 1719294894 0,200000 -1,000000 -101,000000 0,000000 0,000000
143 1719294895 0,200000 -1,000000 -101,000000 0,000000 0,000000
143 1719294896 0,200000 -1,000000 -101,000000 0,000000 0,000000
143 1719294897 0,200000 -1,000000 -101,000000 0,000000 0,000000
143 1719294898 0,200000 -1,000000 -101,000000 0,000000 0,000000
143 1719294899 0,200000 -1,000000 -101,000000 0,000000 0,000000
143 1719294900 0,400000 -1,000000 -101,000000 0,000000 0,000000
143 1719294901 0,400000 -1,000000 -101,000000 0,000000 0,000000
143 1719294902 0,400000 -1,000000 -101,000000 0,000000 0,000000
143 1719294903 0,400000 -1,000000 -101,000000 0,000000 0,000000
143 1719294904 0,400000 -1,000000 -101,000000 0,000000 0,000000
143 1719294905 0,200000 -1,000000 -101,000000 0,000000 0,000000
143 1719294906 0,200000 -1,000000 -101,000000 0,000000 0,000000
143 1719294907 0,200000 -1,000000 -101,000000 0,000000 0,000000
143 1719294908 0,200000 -1,000000 -101,000000 0,000000 0,000000
143 1719294909 0,200000 -1,000000 -101,000000 0,000000 0,000000
146 1719294865 0,200000 -1,000000 -101,000000 0,000000 0,000000
146 1719294866 0,200000 -1,000000 -101,000000 0,000000 0,000000
146 1719294867 0,200000 -1,000000 -101,000000 0,000000 0,000000
146 1719294868 0,200000 -1,000000 -101,000000 0,000000 0,000000
146 1719294869 0,200000 -1,000000 -101,000000 0,000000 0,000000
146 1719294885 0,200000 -1,000000 -101,000000 0,000000 0,000000
146 1719294886 0,200000 -1,000000 -101,000000 0,000000 0,000000
146 1719294887 0,200000 -1,000000 -101,000000 0,000000 0,000000
146 1719294888 0,200000 -1,000000 -101,000000 0,000000 0,000000
146 1719294889 0,200000 -1,000000 -101,000000 0,000000 0,000000
146 1719294890 0,200000 -1,000000 -101,000000 0,000000 0,000000
146 1719294891 0,200000 -1,000000 -101,000000 0,000000 0,000000
146 1719294892 0,200000 -1,000000 -101,000000 0,000000 0,000000
146 1719294893 0,200000 -1,000000 -101,000000 0,000000 0,000000
146 1719294894 0,200000 -1,000000 -101,000000 0,000000 0,000000
146 1719294895 0,200000 -1,000000 -101,000000 0,000000 0,000000
146 1719294896 0,200000 -1,000000 -101,000000 0,000000 0,000000
146 1719294897 0,200000 -1,000000 -101,000000 0,000000 0,000000
146 1719294898 0,200000 -1,000000 -101,000000 0,000000 0,000000
146 1719294899 0,200000 -1,000000 -101,000000 0,000000 0,000000
146 1719294900 0,400000 -1,000000 -101,000000 0,000000 0,000000
146 1719294901 0,400000 -1,000000 -101,000000 0,000000 0,000000
146 1719294902 0,400000 -1,000000 -101,000000 0,000000 0,000000
146 1719294903 0,400000 -1,000000 -101,000000 0,000000 0,000000
146 1719294904 0,400000 -1,000000 -101,000000 0,000000 0,000000
146 1719294905 0,200000 -1,000000 -101,000000 0,000000 0,000000
146 1719294906 0,200000 -1,000000 -101,000000 0,000000 0,000000
146 1719294907 0,200000 -1,000000 -101,000000 0,000000 0,000000
146 1719294908 0,200000 -1,000000 -101,000000 0,000000 0,000000
146 1719294909 0,200000 -1,000000 -101,000000 0,000000 0,000000
143 1719294920 0,200000 -1,000000 -101,000000 0,000000 0,000000
143 1719294921 0,200000 -1,000000 -101,000000 0,000000 0,000000
143 1719294922 0,200000 -1,000000 -101,000000 0,000000 0,000000
143 1719294923 0,200000 -1,000000 -101,000000 0,000000 0,000000
143 1719294924 0,200000 -1,000000 -101,000000 0,000000 0,000000
146 1719294920 0,200000 -1,000000 -101,000000 0,000000 0,000000
146 1719294921 0,200000 -1,000000 -101,000000 0,000000 0,000000
146 1719294922 0,200000 -1,000000 -101,000000 0,000000 0,000000
146 1719294923 0,200000 -1,000000 -101,000000 0,000000 0,000000
146 1719294924 0,200000 -1,000000 -101,000000 0,000000 0,000000
143 1719294970 0,200000 -1,000000 -101,000000 0,000000 0,000000
143 1719294971 0,200000 -1,000000 -101,000000 0,000000 0,000000
143 1719294972 0,200000 -1,000000 -101,000000 0,000000 0,000000
143 1719294973 0,200000 -1,000000 -101,000000 0,000000 0,000000
143 1719294974 0,200000 -1,000000 -101,000000 0,000000 0,000000
146 1719294970 0,200000 -1,000000 -101,000000 0,000000 0,000000
146 1719294971 0,200000 -1,000000 -101,000000 0,000000 0,000000
146 1719294972 0,200000 -1,000000 -101,000000 0,000000 0,000000
146 1719294973 0,200000 -1,000000 -101,000000 0,000000 0,000000
146 1719294974 0,200000 -1,000000 -101,000000 0,000000 0,000000
143 1719294985 0,200000 -1,000000 -101,000000 0,000000 0,000000
143 1719294986 0,200000 -1,000000 -101,000000 0,000000 0,000000
143 1719294987 0,200000 -1,000000 -101,000000 0,000000 0,000000
146 1719294985 0,200000 -1,000000 -101,000000 0,000000 0,000000
146 1719294986 0,200000 -1,000000 -101,000000 0,000000 0,000000
146 1719294987 0,200000 -1,000000 -101,000000 0,000000 0,000000
143 1719294988 0,200000 -1,000000 -101,000000 0,000000 0,000000
143 1719294989 0,200000 -1,000000 -101,000000 0,000000 0,000000
143 1719295040 0,200000 -1,000000 -101,000000 0,000000 0,000000
143 1719295041 0,200000 -1,000000 -101,000000 0,000000 0,000000
143 1719295042 0,200000 -1,000000 -101,000000 0,000000 0,000000
143 1719295043 0,200000 -1,000000 -101,000000 0,000000 0,000000
143 1719295044 0,200000 -1,000000 -101,000000 0,000000 0,000000
143 1719295045 0,200000 -1,000000 -101,000000 0,000000 0,000000
143 1719295046 0,200000 -1,000000 -101,000000 0,000000 0,000000
143 1719295047 0,200000 -1,000000 -101,000000 0,000000 0,000000
143 1719295048 0,200000 -1,000000 -101,000000 0,000000 0,000000
143 1719295049 0,200000 -1,000000 -101,000000 0,000000 0,000000
146 1719294988 0,200000 -1,000000 -101,000000 0,000000 0,000000
146 1719294989 0,200000 -1,000000 -101,000000 0,000000 0,000000
146 1719295040 0,200000 -1,000000 -101,000000 0,000000 0,000000
146 1719295041 0,200000 -1,000000 -101,000000 0,000000 0,000000
146 1719295042 0,200000 -1,000000 -101,000000 0,000000 0,000000
146 1719295043 0,200000 -1,000000 -101,000000 0,000000 0,000000
146 1719295044 0,200000 -1,000000 -101,000000 0,000000 0,000000
146 1719295045 0,200000 -1,000000 -101,000000 0,000000 0,000000
146 1719295046 0,200000 -1,000000 -101,000000 0,000000 0,000000
146 1719295047 0,200000 -1,000000 -101,000000 0,000000 0,000000
146 1719295048 0,200000 -1,000000 -101,000000 0,000000 0,000000
146 1719295049 0,200000 -1,000000 -101,000000 0,000000 0,000000
143 1719295165 0,400000 -1,000000 -101,000000 0,000000 0,000000
143 1719295166 0,400000 -1,000000 -101,000000 0,000000 0,000000
143 1719295167 0,400000 -1,000000 -101,000000 0,000000 0,000000
143 1719295168 0,400000 -1,000000 -101,000000 0,000000 0,000000
143 1719295169 0,400000 -1,000000 -101,000000 0,000000 0,000000
146 1719295165 0,400000 -1,000000 -101,000000 0,000000 0,000000
146 1719295166 0,400000 -1,000000 -101,000000 0,000000 0,000000
146 1719295167 0,400000 -1,000000 -101,000000 0,000000 0,000000
146 1719295168 0,400000 -1,000000 -101,000000 0,000000 0,000000
146 1719295169 0,400000 -1,000000 -101,000000 0,000000 0,000000
143 1719295185 0,200000 -1,000000 -101,000000 0,000000 0,000000
143 1719295186 0,200000 -1,000000 -101,000000 0,000000 0,000000
143 1719295187 0,200000 -1,000000 -101,000000 0,000000 0,000000
143 1719295188 0,200000 -1,000000 -101,000000 0,000000 0,000000
143 1719295189 0,200000 -1,000000 -101,000000 0,000000 0,000000
143 1719295220 0,200000 -1,000000 -101,000000 0,000000 0,000000
143 1719295221 0,200000 -1,000000 -101,000000 0,000000 0,000000
143 1719295222 0,200000 -1,000000 -101,000000 0,000000 0,000000
143 1719295223 0,200000 -1,000000 -101,000000 0,000000 0,000000
143 1719295224 0,200000 -1,000000 -101,000000 0,000000 0,000000
143 1719295230 0,400000 -1,000000 -101,000000 0,000000 0,000000
143 1719295231 0,400000 -1,000000 -101,000000 0,000000 0,000000
143 1719295232 0,400000 -1,000000 -101,000000 0,000000 0,000000
146 1719295185 0,200000 -1,000000 -101,000000 0,000000 0,000000
146 1719295186 0,200000 -1,000000 -101,000000 0,000000 0,000000
146 1719295187 0,200000 -1,000000 -101,000000 0,000000 0,000000
146 1719295188 0,200000 -1,000000 -101,000000 0,000000 0,000000
146 1719295189 0,200000 -1,000000 -101,000000 0,000000 0,000000
146 1719295220 0,200000 -1,000000 -101,000000 0,000000 0,000000
146 1719295221 0,200000 -1,000000 -101,000000 0,000000 0,000000
146 1719295222 0,200000 -1,000000 -101,000000 0,000000 0,000000
146 1719295223 0,200000 -1,000000 -101,000000 0,000000 0,000000
146 1719295224 0,200000 -1,000000 -101,000000 0,000000 0,000000
146 1719295230 0,400000 -1,000000 -101,000000 0,000000 0,000000
146 1719295231 0,400000 -1,000000 -101,000000 0,000000 0,000000
146 1719295232 0,400000 -1,000000 -101,000000 0,000000 0,000000
143 1719295233 0,400000 -1,000000 -101,000000 0,000000 0,000000
143 1719295234 0,400000 -1,000000 -101,000000 0,000000 0,000000
143 1719295235 0,200000 -1,000000 -101,000000 0,000000 0,000000
143 1719295236 0,200000 -1,000000 -101,000000 0,000000 0,000000
143 1719295237 0,200000 -1,000000 -101,000000 0,000000 0,000000
143 1719295238 0,200000 -1,000000 -101,000000 0,000000 0,000000
143 1719295239 0,200000 -1,000000 -101,000000 0,000000 0,000000
143 1719295240 0,400000 -1,000000 -101,000000 0,000000 0,000000
143 1719295241 0,400000 -1,000000 -101,000000 0,000000 0,000000
143 1719295242 0,400000 -1,000000 -101,000000 0,000000 0,000000
146 1719295233 0,400000 -1,000000 -101,000000 0,000000 0,000000
146 1719295234 0,400000 -1,000000 -101,000000 0,000000 0,000000
146 1719295235 0,200000 -1,000000 -101,000000 0,000000 0,000000
146 1719295236 0,200000 -1,000000 -101,000000 0,000000 0,000000
146 1719295237 0,200000 -1,000000 -101,000000 0,000000 0,000000
146 1719295238 0,200000 -1,000000 -101,000000 0,000000 0,000000
146 1719295239 0,200000 -1,000000 -101,000000 0,000000 0,000000
146 1719295240 0,400000 -1,000000 -101,000000 0,000000 0,000000
146 1719295241 0,400000 -1,000000 -101,000000 0,000000 0,000000
146 1719295242 0,400000 -1,000000 -101,000000 0,000000 0,000000
143 1719295243 0,400000 -1,000000 -101,000000 0,000000 0,000000
143 1719295244 0,400000 -1,000000 -101,000000 0,000000 0,000000
143 1719295290 0,200000 -1,000000 -101,000000 0,000000 0,000000
143 1719295291 0,200000 -1,000000 -101,000000 0,000000 0,000000
143 1719295292 0,200000 -1,000000 -101,000000 0,000000 0,000000
143 1719295293 0,200000 -1,000000 -101,000000 0,000000 0,000000
143 1719295294 0,200000 -1,000000 -101,000000 0,000000 0,000000
143 1719295300 0,400000 -1,000000 -101,000000 0,000000 0,000000
143 1719295301 0,400000 -1,000000 -101,000000 0,000000 0,000000
143 1719295302 0,400000 -1,000000 -101,000000 0,000000 0,000000
143 1719295303 0,400000 -1,000000 -101,000000 0,000000 0,000000
143 1719295304 0,400000 -1,000000 -101,000000 0,000000 0,000000
146 1719295243 0,400000 -1,000000 -101,000000 0,000000 0,000000
146 1719295244 0,400000 -1,000000 -101,000000 0,000000 0,000000
146 1719295290 0,200000 -1,000000 -101,000000 0,000000 0,000000
146 1719295291 0,200000 -1,000000 -101,000000 0,000000 0,000000
146 1719295292 0,200000 -1,000000 -101,000000 0,000000 0,000000
146 1719295293 0,200000 -1,000000 -101,000000 0,000000 0,000000
146 1719295294 0,200000 -1,000000 -101,000000 0,000000 0,000000
146 1719295300 0,400000 -1,000000 -101,000000 0,000000 0,000000
146 1719295301 0,400000 -1,000000 -101,000000 0,000000 0,000000
146 1719295302 0,400000 -1,000000 -101,000000 0,000000 0,000000
146 1719295303 0,400000 -1,000000 -101,000000 0,000000 0,000000
146 1719295304 0,400000 -1,000000 -101,000000 0,000000 0,000000
143 1719295365 0,200000 -1,000000 -101,000000 0,000000 0,000000
143 1719295366 0,200000 -1,000000 -101,000000 0,000000 0,000000
143 1719295367 0,200000 -1,000000 -101,000000 0,000000 0,000000
146 1719295365 0,200000 -1,000000 -101,000000 0,000000 0,000000
146 1719295366 0,200000 -1,000000 -101,000000 0,000000 0,000000
146 1719295367 0,200000 -1,000000 -101,000000 0,000000 0,000000
143 1719295368 0,200000 -1,000000 -101,000000 0,000000 0,000000
143 1719295369 0,200000 -1,000000 -101,000000 0,000000 0,000000
143 1719295370 0,200000 -1,000000 -101,000000 0,000000 0,000000
143 1719295371 0,200000 -1,000000 -101,000000 0,000000 0,000000
143 1719295372 0,200000 -1,000000 -101,000000 0,000000 0,000000
146 1719295368 0,200000 -1,000000 -101,000000 0,000000 0,000000
146 1719295369 0,200000 -1,000000 -101,000000 0,000000 0,000000
146 1719295370 0,200000 -1,000000 -101,000000 0,000000 0,000000
146 1719295371 0,200000 -1,000000 -101,000000 0,000000 0,000000
146 1719295372 0,200000 -1,000000 -101,000000 0,000000 0,000000
143 1719295373 0,200000 -1,000000 -101,000000 0,000000 0,000000
143 1719295374 0,200000 -1,000000 -101,000000 0,000000 0,000000
143 1719295375 0,200000 -1,000000 -101,000000 0,000000 0,000000
143 1719295376 0,200000 -1,000000 -101,000000 0,000000 0,000000
143 1719295377 0,200000 -1,000000 -101,000000 0,000000 0,000000
146 1719295373 0,200000 -1,000000 -101,000000 0,000000 0,000000
146 1719295374 0,200000 -1,000000 -101,000000 0,000000 0,000000
146 1719295375 0,200000 -1,000000 -101,000000 0,000000 0,000000
146 1719295376 0,200000 -1,000000 -101,000000 0,000000 0,000000
146 1719295377 0,200000 -1,000000 -101,000000 0,000000 0,000000
143 1719295378 0,200000 -1,000000 -101,000000 0,000000 0,000000
143 1719295379 0,200000 -1,000000 -101,000000 0,000000 0,000000
143 1719295420 0,200000 -1,000000 -101,000000 0,000000 0,000000
143 1719295421 0,200000 -1,000000 -101,000000 0,000000 0,000000
143 1719295422 0,200000 -1,000000 -101,000000 0,000000 0,000000
143 1719295423 0,200000 -1,000000 -101,000000 0,000000 0,000000
143 1719295424 0,200000 -1,000000 -101,000000 0,000000 0,000000
143 1719295425 0,400000 -1,000000 -101,000000 0,000000 0,000000
143 1719295426 0,400000 -1,000000 -101,000000 0,000000 0,000000
143 1719295427 0,400000 -1,000000 -101,000000 0,000000 0,000000
143 1719295428 0,400000 -1,000000 -101,000000 0,000000 0,000000
143 1719295429 0,400000 -1,000000 -101,000000 0,000000 0,000000
143 1719295430 0,200000 -1,000000 -101,000000 0,000000 0,000000
143 1719295431 0,200000 -1,000000 -101,000000 0,000000 0,000000
143 1719295432 0,200000 -1,000000 -101,000000 0,000000 0,000000
143 1719295433 0,200000 -1,000000 -101,000000 0,000000 0,000000
143 1719295434 0,200000 -1,000000 -101,000000 0,000000 0,000000
143 1719295435 0,200000 -1,000000 -101,000000 0,000000 0,000000
143 1719295436 0,200000 -1,000000 -101,000000 0,000000 0,000000
143 1719295437 0,200000 -1,000000 -101,000000 0,000000 0,000000
143 1719295438 0,200000 -1,000000 -101,000000 0,000000 0,000000
143 1719295439 0,200000 -1,000000 -101,000000 0,000000 0,000000
146 1719295378 0,200000 -1,000000 -101,000000 0,000000 0,000000
146 1719295379 0,200000 -1,000000 -101,000000 0,000000 0,000000
146 1719295420 0,200000 -1,000000 -101,000000 0,000000 0,000000
146 1719295421 0,200000 -1,000000 -101,000000 0,000000 0,000000
146 1719295422 0,200000 -1,000000 -101,000000 0,000000 0,000000
146 1719295423 0,200000 -1,000000 -101,000000 0,000000 0,000000
146 1719295424 0,200000 -1,000000 -101,000000 0,000000 0,000000
146 1719295425 0,400000 -1,000000 -101,000000 0,000000 0,000000
146 1719295426 0,400000 -1,000000 -101,000000 0,000000 0,000000
146 1719295427 0,400000 -1,000000 -101,000000 0,000000 0,000000
146 1719295428 0,400000 -1,000000 -101,000000 0,000000 0,000000
146 1719295429 0,400000 -1,000000 -101,000000 0,000000 0,000000
146 1719295430 0,200000 -1,000000 -101,000000 0,000000 0,000000
146 1719295431 0,200000 -1,000000 -101,000000 0,000000 0,000000
146 1719295432 0,200000 -1,000000 -101,000000 0,000000 0,000000
146 1719295433 0,200000 -1,000000 -101,000000 0,000000 0,000000
146 1719295434 0,200000 -1,000000 -101,000000 0,000000 0,000000
146 1719295435 0,200000 -1,000000 -101,000000 0,000000 0,000000
146 1719295436 0,200000 -1,000000 -101,000000 0,000000 0,000000
146 1719295437 0,200000 -1,000000 -101,000000 0,000000 0,000000
146 1719295438 0,200000 -1,000000 -101,000000 0,000000 0,000000
146 1719295439 0,200000 -1,000000 -101,000000 0,000000 0,000000
143 1719295510 0,200000 -1,000000 -101,000000 0,000000 0,000000
143 1719295511 0,200000 -1,000000 -101,000000 0,000000 0,000000
143 1719295512 0,200000 -1,000000 -101,000000 0,000000 0,000000
146 1719295510 0,200000 -1,000000 -101,000000 0,000000 0,000000
146 1719295511 0,200000 -1,000000 -101,000000 0,000000 0,000000
146 1719295512 0,200000 -1,000000 -101,000000 0,000000 0,000000
143 1719295513 0,200000 -1,000000 -101,000000 0,000000 0,000000
143 1719295514 0,200000 -1,000000 -101,000000 0,000000 0,000000
143 1719295520 0,400000 -1,000000 -101,000000 0,000000 0,000000
143 1719295521 0,400000 -1,000000 -101,000000 0,000000 0,000000
143 1719295522 0,400000 -1,000000 -101,000000 0,000000 0,000000
143 1719295523 0,400000 -1,000000 -101,000000 0,000000 0,000000
143 1719295524 0,400000 -1,000000 -101,000000 0,000000 0,000000
146 1719295513 0,200000 -1,000000 -101,000000 0,000000 0,000000
146 1719295514 0,200000 -1,000000 -101,000000 0,000000 0,000000
146 1719295520 0,400000 -1,000000 -101,000000 0,000000 0,000000
146 1719295521 0,400000 -1,000000 -101,000000 0,000000 0,000000
146 1719295522 0,400000 -1,000000 -101,000000 0,000000 0,000000
146 1719295523 0,400000 -1,000000 -101,000000 0,000000 0,000000
146 1719295524 0,400000 -1,000000 -101,000000 0,000000 0,000000
143 1719295570 0,600000 -1,000000 -101,000000 0,000000 0,000000
143 1719295571 0,600000 -1,000000 -101,000000 0,000000 0,000000
143 1719295572 0,600000 -1,000000 -101,000000 0,000000 0,000000
146 1719295570 0,600000 -1,000000 -101,000000 0,000000 0,000000
146 1719295571 0,600000 -1,000000 -101,000000 0,000000 0,000000
146 1719295572 0,600000 -1,000000 -101,000000 0,000000 0,000000
143 1719295573 0,600000 -1,000000 -101,000000 0,000000 0,000000
143 1719295574 0,600000 -1,000000 -101,000000 0,000000 0,000000
146 1719295573 0,600000 -1,000000 -101,000000 0,000000 0,000000
146 1719295574 0,600000 -1,000000 -101,000000 0,000000 0,000000
143 1719295585 0,200000 -1,000000 -101,000000 0,000000 0,000000
143 1719295586 0,200000 -1,000000 -101,000000 0,000000 0,000000
143 1719295587 0,200000 -1,000000 -101,000000 0,000000 0,000000
143 1719295588 0,200000 -1,000000 -101,000000 0,000000 0,000000
146 1719295585 0,200000 -1,000000 -101,000000 0,000000 0,000000
146 1719295586 0,200000 -1,000000 -101,000000 0,000000 0,000000
146 1719295587 0,200000 -1,000000 -101,000000 0,000000 0,000000
146 1719295588 0,200000 -1,000000 -101,000000 0,000000 0,000000
143 1719295589 0,200000 -1,000000 -101,000000 0,000000 0,000000
146 1719295589 0,200000 -1,000000 -101,000000 0,000000 0,000000
143 1719295625 0,200000 -1,000000 -101,000000 0,000000 0,000000
143 1719295626 0,200000 -1,000000 -101,000000 0,000000 0,000000
143 1719295627 0,200000 -1,000000 -101,000000 0,000000 0,000000
143 1719295628 0,200000 -1,000000 -101,000000 0,000000 0,000000
143 1719295629 0,200000 -1,000000 -101,000000 0,000000 0,000000
143 1719295630 0,200000 -1,000000 -101,000000 0,000000 0,000000
143 1719295631 0,200000 -1,000000 -101,000000 0,000000 0,000000
143 1719295632 0,200000 -1,000000 -101,000000 0,000000 0,000000
143 1719295633 0,200000 -1,000000 -101,000000 0,000000 0,000000
143 1719295634 0,200000 -1,000000 -101,000000 0,000000 0,000000
143 1719295640 0,200000 -1,000000 -101,000000 0,000000 0,000000
143 1719295641 0,200000 -1,000000 -101,000000 0,000000 0,000000
143 1719295642 0,200000 -1,000000 -101,000000 0,000000 0,000000
143 1719295643 0,200000 -1,000000 -101,000000 0,000000 0,000000
146 1719295625 0,200000 -1,000000 -101,000000 0,000000 0,000000
146 1719295626 0,200000 -1,000000 -101,000000 0,000000 0,000000
146 1719295627 0,200000 -1,000000 -101,000000 0,000000 0,000000
146 1719295628 0,200000 -1,000000 -101,000000 0,000000 0,000000
146 1719295629 0,200000 -1,000000 -101,000000 0,000000 0,000000
146 1719295630 0,200000 -1,000000 -101,000000 0,000000 0,000000
146 1719295631 0,200000 -1,000000 -101,000000 0,000000 0,000000
146 1719295632 0,200000 -1,000000 -101,000000 0,000000 0,000000
146 1719295633 0,200000 -1,000000 -101,000000 0,000000 0,000000
146 1719295634 0,200000 -1,000000 -101,000000 0,000000 0,000000
146 1719295640 0,200000 -1,000000 -101,000000 0,000000 0,000000
146 1719295641 0,200000 -1,000000 -101,000000 0,000000 0,000000
146 1719295642 0,200000 -1,000000 -101,000000 0,000000 0,000000
146 1719295643 0,200000 -1,000000 -101,000000 0,000000 0,000000
143 1719295644 0,200000 -1,000000 -101,000000 0,000000 0,000000
143 1719295645 0,200000 -1,000000 -101,000000 0,000000 0,000000
143 1719295646 0,200000 -1,000000 -101,000000 0,000000 0,000000
143 1719295647 0,200000 -1,000000 -101,000000 0,000000 0,000000
143 1719295648 0,200000 -1,000000 -101,000000 0,000000 0,000000
143 1719295649 0,200000 -1,000000 -101,000000 0,000000 0,000000
146 1719295644 0,200000 -1,000000 -101,000000 0,000000 0,000000
146 1719295645 0,200000 -1,000000 -101,000000 0,000000 0,000000
146 1719295646 0,200000 -1,000000 -101,000000 0,000000 0,000000
146 1719295647 0,200000 -1,000000 -101,000000 0,000000 0,000000
146 1719295648 0,200000 -1,000000 -101,000000 0,000000 0,000000
146 1719295649 0,200000 -1,000000 -101,000000 0,000000 0,000000
143 1719295655 0,200000 -1,000000 -101,000000 0,000000 0,000000
143 1719295656 0,200000 -1,000000 -101,000000 0,000000 0,000000
143 1719295657 0,200000 -1,000000 -101,000000 0,000000 0,000000
143 1719295658 0,200000 -1,000000 -101,000000 0,000000 0,000000
143 1719295659 0,200000 -1,000000 -101,000000 0,000000 0,000000
146 1719295655 0,200000 -1,000000 -101,000000 0,000000 0,000000
146 1719295656 0,200000 -1,000000 -101,000000 0,000000 0,000000
146 1719295657 0,200000 -1,000000 -101,000000 0,000000 0,000000
146 1719295658 0,200000 -1,000000 -101,000000 0,000000 0,000000
146 1719295659 0,200000 -1,000000 -101,000000 0,000000 0,000000
143 1719295700 0,200000 -1,000000 -101,000000 0,000000 0,000000
143 1719295701 0,200000 -1,000000 -101,000000 0,000000 0,000000
143 1719295702 0,200000 -1,000000 -101,000000 0,000000 0,000000
143 1719295703 0,200000 -1,000000 -101,000000 0,000000 0,000000
143 1719295704 0,200000 -1,000000 -101,000000 0,000000 0,000000
143 1719295710 0,200000 -1,000000 -101,000000 0,000000 0,000000
143 1719295711 0,200000 -1,000000 -101,000000 0,000000 0,000000
143 1719295712 0,200000 -1,000000 -101,000000 0,000000 0,000000
143 1719295713 0,200000 -1,000000 -101,000000 0,000000 0,000000
143 1719295714 0,200000 -1,000000 -101,000000 0,000000 0,000000
143 1719295725 0,200000 -1,000000 -101,000000 0,000000 0,000000
143 1719295726 0,200000 -1,000000 -101,000000 0,000000 0,000000
143 1719295727 0,200000 -1,000000 -101,000000 0,000000 0,000000
143 1719295728 0,200000 -1,000000 -101,000000 0,000000 0,000000
143 1719295729 0,200000 -1,000000 -101,000000 0,000000 0,000000
143 1719295745 0,200000 -1,000000 -101,000000 0,000000 0,000000
143 1719295746 0,200000 -1,000000 -101,000000 0,000000 0,000000
143 1719295747 0,200000 -1,000000 -101,000000 0,000000 0,000000
143 1719295748 0,200000 -1,000000 -101,000000 0,000000 0,000000
143 1719295749 0,200000 -1,000000 -101,000000 0,000000 0,000000
146 1719295700 0,200000 -1,000000 -101,000000 0,000000 0,000000
146 1719295701 0,200000 -1,000000 -101,000000 0,000000 0,000000
146 1719295702 0,200000 -1,000000 -101,000000 0,000000 0,000000
146 1719295703 0,200000 -1,000000 -101,000000 0,000000 0,000000
146 1719295704 0,200000 -1,000000 -101,000000 0,000000 0,000000
146 1719295710 0,200000 -1,000000 -101,000000 0,000000 0,000000
146 1719295711 0,200000 -1,000000 -101,000000 0,000000 0,000000
146 1719295712 0,200000 -1,000000 -101,000000 0,000000 0,000000
146 1719295713 0,200000 -1,000000 -101,000000 0,000000 0,000000
146 1719295714 0,200000 -1,000000 -101,000000 0,000000 0,000000
146 1719295725 0,200000 -1,000000 -101,000000 0,000000 0,000000
146 1719295726 0,200000 -1,000000 -101,000000 0,000000 0,000000
146 1719295727 0,200000 -1,000000 -101,000000 0,000000 0,000000
146 1719295728 0,200000 -1,000000 -101,000000 0,000000 0,000000
146 1719295729 0,200000 -1,000000 -101,000000 0,000000 0,000000
143 1719295830 0,200000 -1,000000 -101,000000 0,000000 0,000000
143 1719295831 0,200000 -1,000000 -101,000000 0,000000 0,000000
143 1719295832 0,200000 -1,000000 -101,000000 0,000000 0,000000
143 1719295833 0,200000 -1,000000 -101,000000 0,000000 0,000000
146 1719295830 0,200000 -1,000000 -101,000000 0,000000 0,000000
146 1719295831 0,200000 -1,000000 -101,000000 0,000000 0,000000
146 1719295832 0,200000 -1,000000 -101,000000 0,000000 0,000000
146 1719295833 0,200000 -1,000000 -101,000000 0,000000 0,000000
143 1719295834 0,200000 -1,000000 -101,000000 0,000000 0,000000
143 1719295840 0,400000 -1,000000 -101,000000 0,000000 0,000000
143 1719295841 0,400000 -1,000000 -101,000000 0,000000 0,000000
143 1719295842 0,400000 -1,000000 -101,000000 0,000000 0,000000
143 1719295843 0,400000 -1,000000 -101,000000 0,000000 0,000000
143 1719295844 0,400000 -1,000000 -101,000000 0,000000 0,000000
146 1719295834 0,200000 -1,000000 -101,000000 0,000000 0,000000
146 1719295840 0,400000 -1,000000 -101,000000 0,000000 0,000000
146 1719295841 0,400000 -1,000000 -101,000000 0,000000 0,000000
146 1719295842 0,400000 -1,000000 -101,000000 0,000000 0,000000
146 1719295843 0,400000 -1,000000 -101,000000 0,000000 0,000000
146 1719295844 0,400000 -1,000000 -101,000000 0,000000 0,000000
143 1719295855 0,400000 -1,000000 -101,000000 0,000000 0,000000
143 1719295856 0,400000 -1,000000 -101,000000 0,000000 0,000000
143 1719295857 0,400000 -1,000000 -101,000000 0,000000 0,000000
143 1719295858 0,400000 -1,000000 -101,000000 0,000000 0,000000
143 1719295859 0,400000 -1,000000 -101,000000 0,000000 0,000000
146 1719295855 0,400000 -1,000000 -101,000000 0,000000 0,000000
146 1719295856 0,400000 -1,000000 -101,000000 0,000000 0,000000
146 1719295857 0,400000 -1,000000 -101,000000 0,000000 0,000000
146 1719295858 0,400000 -1,000000 -101,000000 0,000000 0,000000
146 1719295859 0,400000 -1,000000 -101,000000 0,000000 0,000000
143 1719295885 0,200000 -1,000000 -101,000000 0,000000 0,000000
143 1719295886 0,200000 -1,000000 -101,000000 0,000000 0,000000
143 1719295887 0,200000 -1,000000 -101,000000 0,000000 0,000000
143 1719295888 0,200000 -1,000000 -101,000000 0,000000 0,000000
143 1719295889 0,200000 -1,000000 -101,000000 0,000000 0,000000
143 1719295890 0,200000 -1,000000 -101,000000 0,000000 0,000000
143 1719295891 0,200000 -1,000000 -101,000000 0,000000 0,000000
143 1719295892 0,200000 -1,000000 -101,000000 0,000000 0,000000
143 1719295893 0,200000 -1,000000 -101,000000 0,000000 0,000000
143 1719295894 0,200000 -1,000000 -101,000000 0,000000 0,000000
146 1719295885 0,200000 -1,000000 -101,000000 0,000000 0,000000
146 1719295886 0,200000 -1,000000 -101,000000 0,000000 0,000000
146 1719295887 0,200000 -1,000000 -101,000000 0,000000 0,000000
146 1719295888 0,200000 -1,000000 -101,000000 0,000000 0,000000
146 1719295889 0,200000 -1,000000 -101,000000 0,000000 0,000000
146 1719295890 0,200000 -1,000000 -101,000000 0,000000 0,000000
146 1719295891 0,200000 -1,000000 -101,000000 0,000000 0,000000
146 1719295892 0,200000 -1,000000 -101,000000 0,000000 0,000000
146 1719295893 0,200000 -1,000000 -101,000000 0,000000 0,000000
146 1719295894 0,200000 -1,000000 -101,000000 0,000000 0,000000
143 1719295910 0,200000 -1,000000 -101,000000 0,000000 0,000000
143 1719295911 0,200000 -1,000000 -101,000000 0,000000 0,000000
143 1719295912 0,200000 -1,000000 -101,000000 0,000000 0,000000
143 1719295913 0,200000 -1,000000 -101,000000 0,000000 0,000000
143 1719295914 0,200000 -1,000000 -101,000000 0,000000 0,000000
143 1719295920 0,200000 -1,000000 -101,000000 0,000000 0,000000
143 1719295921 0,200000 -1,000000 -101,000000 0,000000 0,000000
143 1719295922 0,200000 -1,000000 -101,000000 0,000000 0,000000
143 1719295923 0,200000 -1,000000 -101,000000 0,000000 0,000000
146 1719295910 0,200000 -1,000000 -101,000000 0,000000 0,000000
146 1719295911 0,200000 -1,000000 -101,000000 0,000000 0,000000
146 1719295912 0,200000 -1,000000 -101,000000 0,000000 0,000000
146 1719295913 0,200000 -1,000000 -101,000000 0,000000 0,000000
146 1719295914 0,200000 -1,000000 -101,000000 0,000000 0,000000
146 1719295920 0,200000 -1,000000 -101,000000 0,000000 0,000000
146 1719295921 0,200000 -1,000000 -101,000000 0,000000 0,000000
146 1719295922 0,200000 -1,000000 -101,000000 0,000000 0,000000
146 1719295923 0,200000 -1,000000 -101,000000 0,000000 0,000000
143 1719295924 0,200000 -1,000000 -101,000000 0,000000 0,000000
146 1719295924 0,200000 -1,000000 -101,000000 0,000000 0,000000
143 1719295960 0,200000 -1,000000 -101,000000 0,000000 0,000000
143 1719295961 0,200000 -1,000000 -101,000000 0,000000 0,000000
143 1719295962 0,200000 -1,000000 -101,000000 0,000000 0,000000
143 1719295963 0,200000 -1,000000 -101,000000 0,000000 0,000000
143 1719295964 0,200000 -1,000000 -101,000000 0,000000 0,000000
146 1719295960 0,200000 -1,000000 -101,000000 0,000000 0,000000
146 1719295961 0,200000 -1,000000 -101,000000 0,000000 0,000000
146 1719295962 0,200000 -1,000000 -101,000000 0,000000 0,000000
146 1719295963 0,200000 -1,000000 -101,000000 0,000000 0,000000
146 1719295964 0,200000 -1,000000 -101,000000 0,000000 0,000000
143 1719295980 0,200000 -1,000000 -101,000000 0,000000 0,000000
143 1719295981 0,200000 -1,000000 -101,000000 0,000000 0,000000
143 1719295982 0,200000 -1,000000 -101,000000 0,000000 0,000000
143 1719295983 0,200000 -1,000000 -101,000000 0,000000 0,000000
146 1719295980 0,200000 -1,000000 -101,000000 0,000000 0,000000
146 1719295981 0,200000 -1,000000 -101,000000 0,000000 0,000000
146 1719295982 0,200000 -1,000000 -101,000000 0,000000 0,000000
146 1719295983 0,200000 -1,000000 -101,000000 0,000000 0,000000
143 1719295984 0,200000 -1,000000 -101,000000 0,000000 0,000000
143 1719295990 0,200000 -1,000000 -101,000000 0,000000 0,000000
143 1719295991 0,200000 -1,000000 -101,000000 0,000000 0,000000
143 1719295992 0,200000 -1,000000 -101,000000 0,000000 0,000000
143 1719295993 0,200000 -1,000000 -101,000000 0,000000 0,000000
143 1719295994 0,200000 -1,000000 -101,000000 0,000000 0,000000
143 1719296025 0,200000 -1,000000 -101,000000 0,000000 0,000000
143 1719296026 0,200000 -1,000000 -101,000000 0,000000 0,000000
143 1719296027 0,200000 -1,000000 -101,000000 0,000000 0,000000
143 1719296028 0,200000 -1,000000 -101,000000 0,000000 0,000000
143 1719296029 0,200000 -1,000000 -101,000000 0,000000 0,000000
143 1719296030 0,200000 -1,000000 -101,000000 0,000000 0,000000
143 1719296031 0,200000 -1,000000 -101,000000 0,000000 0,000000
143 1719296032 0,200000 -1,000000 -101,000000 0,000000 0,000000
143 1719296033 0,200000 -1,000000 -101,000000 0,000000 0,000000
143 1719296034 0,200000 -1,000000 -101,000000 0,000000 0,000000
143 1719296035 0,200000 -1,000000 -101,000000 0,000000 0,000000
143 1719296036 0,200000 -1,000000 -101,000000 0,000000 0,000000
143 1719296037 0,200000 -1,000000 -101,000000 0,000000 0,000000
143 1719296038 0,200000 -1,000000 -101,000000 0,000000 0,000000
143 1719296039 0,200000 -1,000000 -101,000000 0,000000 0,000000
143 1719296040 0,200000 -1,000000 -101,000000 0,000000 0,000000
143 1719296041 0,200000 -1,000000 -101,000000 0,000000 0,000000
143 1719296042 0,200000 -1,000000 -101,000000 0,000000 0,000000
143 1719296043 0,200000 -1,000000 -101,000000 0,000000 0,000000
143 1719296044 0,200000 -1,000000 -101,000000 0,000000 0,000000
146 1719295984 0,200000 -1,000000 -101,000000 0,000000 0,000000
146 1719295990 0,200000 -1,000000 -101,000000 0,000000 0,000000
146 1719295991 0,200000 -1,000000 -101,000000 0,000000 0,000000
146 1719295992 0,200000 -1,000000 -101,000000 0,000000 0,000000
146 1719295993 0,200000 -1,000000 -101,000000 0,000000 0,000000
146 1719295994 0,200000 -1,000000 -101,000000 0,000000 0,000000
146 1719296025 0,200000 -1,000000 -101,000000 0,000000 0,000000
146 1719296026 0,200000 -1,000000 -101,000000 0,000000 0,000000
146 1719296027 0,200000 -1,000000 -101,000000 0,000000 0,000000
146 1719296028 0,200000 -1,000000 -101,000000 0,000000 0,000000
146 1719296029 0,200000 -1,000000 -101,000000 0,000000 0,000000
146 1719296030 0,200000 -1,000000 -101,000000 0,000000 0,000000
146 1719296031 0,200000 -1,000000 -101,000000 0,000000 0,000000
146 1719296032 0,200000 -1,000000 -101,000000 0,000000 0,000000
146 1719296033 0,200000 -1,000000 -101,000000 0,000000 0,000000
146 1719296034 0,200000 -1,000000 -101,000000 0,000000 0,000000
146 1719296035 0,200000 -1,000000 -101,000000 0,000000 0,000000
146 1719296036 0,200000 -1,000000 -101,000000 0,000000 0,000000
146 1719296037 0,200000 -1,000000 -101,000000 0,000000 0,000000
146 1719296038 0,200000 -1,000000 -101,000000 0,000000 0,000000
146 1719296039 0,200000 -1,000000 -101,000000 0,000000 0,000000
146 1719296040 0,200000 -1,000000 -101,000000 0,000000 0,000000
146 1719296041 0,200000 -1,000000 -101,000000 0,000000 0,000000
146 1719296042 0,200000 -1,000000 -101,000000 0,000000 0,000000
146 1719296043 0,200000 -1,000000 -101,000000 0,000000 0,000000
146 1719296044 0,200000 -1,000000 -101,000000 0,000000 0,000000
143 1719296115 0,200000 -1,000000 -101,000000 0,000000 0,000000
143 1719296116 0,200000 -1,000000 -101,000000 0,000000 0,000000
143 1719296117 0,200000 -1,000000 -101,000000 0,000000 0,000000
143 1719296118 0,200000 -1,000000 -101,000000 0,000000 0,000000
143 1719296119 0,200000 -1,000000 -101,000000 0,000000 0,000000
146 1719296115 0,200000 -1,000000 -101,000000 0,000000 0,000000
146 1719296116 0,200000 -1,000000 -101,000000 0,000000 0,000000
146 1719296117 0,200000 -1,000000 -101,000000 0,000000 0,000000
146 1719296118 0,200000 -1,000000 -101,000000 0,000000 0,000000
146 1719296119 0,200000 -1,000000 -101,000000 0,000000 0,000000
143 1719296140 0,200000 -1,000000 -101,000000 0,000000 0,000000
143 1719296141 0,200000 -1,000000 -101,000000 0,000000 0,000000
143 1719296142 0,200000 -1,000000 -101,000000 0,000000 0,000000
143 1719296143 0,200000 -1,000000 -101,000000 0,000000 0,000000
143 1719296144 0,200000 -1,000000 -101,000000 0,000000 0,000000
146 1719296140 0,200000 -1,000000 -101,000000 0,000000 0,000000
146 1719296141 0,200000 -1,000000 -101,000000 0,000000 0,000000
146 1719296142 0,200000 -1,000000 -101,000000 0,000000 0,000000
146 1719296143 0,200000 -1,000000 -101,000000 0,000000 0,000000
146 1719296144 0,200000 -1,000000 -101,000000 0,000000 0,000000
143 1719296180 0,200000 -1,000000 -101,000000 0,000000 0,000000
143 1719296181 0,200000 -1,000000 -101,000000 0,000000 0,000000
143 1719296182 0,200000 -1,000000 -101,000000 0,000000 0,000000
143 1719296183 0,200000 -1,000000 -101,000000 0,000000 0,000000
146 1719296180 0,200000 -1,000000 -101,000000 0,000000 0,000000
146 1719296181 0,200000 -1,000000 -101,000000 0,000000 0,000000
146 1719296182 0,200000 -1,000000 -101,000000 0,000000 0,000000
146 1719296183 0,200000 -1,000000 -101,000000 0,000000 0,000000
143 1719296184 0,200000 -1,000000 -101,000000 0,000000 0,000000
146 1719296184 0,200000 -1,000000 -101,000000 0,000000 0,000000
143 1719296190 0,200000 -1,000000 -101,000000 0,000000 0,000000
143 1719296191 0,200000 -1,000000 -101,000000 0,000000 0,000000
143 1719296192 0,200000 -1,000000 -101,000000 0,000000 0,000000
143 1719296193 0,200000 -1,000000 -101,000000 0,000000 0,000000
143 1719296194 0,200000 -1,000000 -101,000000 0,000000 0,000000
146 1719296190 0,200000 -1,000000 -101,000000 0,000000 0,000000
146 1719296191 0,200000 -1,000000 -101,000000 0,000000 0,000000
146 1719296192 0,200000 -1,000000 -101,000000 0,000000 0,000000
146 1719296193 0,200000 -1,000000 -101,000000 0,000000 0,000000
146 1719296194 0,200000 -1,000000 -101,000000 0,000000 0,000000
143 1719296230 0,200000 -1,000000 -101,000000 0,000000 0,000000
143 1719296231 0,200000 -1,000000 -101,000000 0,000000 0,000000
143 1719296232 0,200000 -1,000000 -101,000000 0,000000 0,000000
143 1719296233 0,200000 -1,000000 -101,000000 0,000000 0,000000
146 1719296230 0,200000 -1,000000 -101,000000 0,000000 0,000000
146 1719296231 0,200000 -1,000000 -101,000000 0,000000 0,000000
146 1719296232 0,200000 -1,000000 -101,000000 0,000000 0,000000
146 1719296233 0,200000 -1,000000 -101,000000 0,000000 0,000000
143 1719296234 0,200000 -1,000000 -101,000000 0,000000 0,000000
143 1719296240 0,400000 -1,000000 -101,000000 0,000000 0,000000
143 1719296241 0,400000 -1,000000 -101,000000 0,000000 0,000000
143 1719296242 0,400000 -1,000000 -101,000000 0,000000 0,000000
143 1719296243 0,400000 -1,000000 -101,000000 0,000000 0,000000
146 1719296234 0,200000 -1,000000 -101,000000 0,000000 0,000000
146 1719296240 0,400000 -1,000000 -101,000000 0,000000 0,000000
146 1719296241 0,400000 -1,000000 -101,000000 0,000000 0,000000
146 1719296242 0,400000 -1,000000 -101,000000 0,000000 0,000000
146 1719296243 0,400000 -1,000000 -101,000000 0,000000 0,000000
143 1719296244 0,400000 -1,000000 -101,000000 0,000000 0,000000
143 1719296245 0,200000 -1,000000 -101,000000 0,000000 0,000000
143 1719296246 0,200000 -1,000000 -101,000000 0,000000 0,000000
143 1719296247 0,200000 -1,000000 -101,000000 0,000000 0,000000
143 1719296248 0,200000 -1,000000 -101,000000 0,000000 0,000000
146 1719296244 0,400000 -1,000000 -101,000000 0,000000 0,000000
146 1719296245 0,200000 -1,000000 -101,000000 0,000000 0,000000
146 1719296246 0,200000 -1,000000 -101,000000 0,000000 0,000000
146 1719296247 0,200000 -1,000000 -101,000000 0,000000 0,000000
146 1719296248 0,200000 -1,000000 -101,000000 0,000000 0,000000
143 1719296249 0,200000 -1,000000 -101,000000 0,000000 0,000000
146 1719296249 0,200000 -1,000000 -101,000000 0,000000 0,000000
