142 1718984867 0,200000 -1,000000 -101,000000 0,000000 0,000000
142 1718984868 0,200000 -1,000000 -101,000000 0,000000 0,000000
142 1718984869 0,200000 -1,000000 -101,000000 0,000000 0,000000
142 1718984870 0,200000 -1,000000 -101,000000 0,000000 0,000000
142 1718984871 0,200000 -1,000000 -101,000000 0,000000 0,000000
145 1718984867 0,200000 -1,000000 -101,000000 0,000000 0,000000
145 1718984868 0,200000 -1,000000 -101,000000 0,000000 0,000000
145 1718984869 0,200000 -1,000000 -101,000000 0,000000 0,000000
145 1718984870 0,200000 -1,000000 -101,000000 0,000000 0,000000
145 1718984871 0,200000 -1,000000 -101,000000 0,000000 0,000000
142 1718984912 0,200000 -1,000000 -101,000000 0,000000 0,000000
142 1718984913 0,200000 -1,000000 -101,000000 0,000000 0,000000
142 1718984914 0,200000 -1,000000 -101,000000 0,000000 0,000000
142 1718984915 0,200000 -1,000000 -101,000000 0,000000 0,000000
142 1718984916 0,200000 -1,000000 -101,000000 0,000000 0,000000
145 1718984912 0,200000 -1,000000 -101,000000 0,000000 0,000000
145 1718984913 0,200000 -1,000000 -101,000000 0,000000 0,000000
145 1718984914 0,200000 -1,000000 -101,000000 0,000000 0,000000
145 1718984915 0,200000 -1,000000 -101,000000 0,000000 0,000000
145 1718984916 0,200000 -1,000000 -101,000000 0,000000 0,000000
145 1718985016 0,200000 -1,000000 0,200000 0,200000 0,008000
145 1718985015 0,200000 -1,000000 0,200000 0,200000 0,008000
145 1718985014 0,200000 -1,000000 0,200000 0,200000 0,008000
145 1718985013 0,200000 -1,000000 0,200000 0,200000 0,008000
145 1718985012 0,200000 -1,000000 0,200000 0,200000 0,008000
145 1718984966 0,200000 -1,000000 0,200000 0,200000 0,008000
145 1718984965 0,200000 -1,000000 0,200000 0,200000 0,008000
145 1718984964 0,200000 -1,000000 0,200000 0,200000 0,008000
145 1718984963 0,200000 -1,000000 0,200000 0,200000 0,008000
145 1718984962 0,200000 -1,000000 0,200000 0,200000 0,008000
142 1718985016 0,200000 -1,000000 0,200000 0,200000 0,008000
142 1718985015 0,200000 -1,000000 0,200000 0,200000 0,008000
142 1718985014 0,200000 -1,000000 0,200000 0,200000 0,008000
142 1718985013 0,200000 -1,000000 0,200000 0,200000 0,008000
142 1718985012 0,200000 -1,000000 0,200000 0,200000 0,008000
142 1718984966 0,200000 -1,000000 0,200000 0,200000 0,008000
142 1718984965 0,200000 -1,000000 0,200000 0,200000 0,008000
142 1718984964 0,200000 -1,000000 0,200000 0,200000 0,008000
142 1718984963 0,200000 -1,000000 0,200000 0,200000 0,008000
142 1718984962 0,200000 -1,000000 0,200000 0,200000 0,008000
142 1718984962 0,200000 -1,000000 -101,000000 0,000000 0,000000
142 1718984963 0,200000 -1,000000 -101,000000 0,000000 0,000000
142 1718984964 0,200000 -1,000000 -101,000000 0,000000 0,000000
142 1718984965 0,200000 -1,000000 -101,000000 0,000000 0,000000
142 1718984966 0,200000 -1,000000 -101,000000 0,000000 0,000000
145 1718984962 0,200000 -1,000000 -101,000000 0,000000 0,000000
145 1718984963 0,200000 -1,000000 -101,000000 0,000000 0,000000
145 1718984964 0,200000 -1,000000 -101,000000 0,000000 0,000000
145 1718984965 0,200000 -1,000000 -101,000000 0,000000 0,000000
145 1718984966 0,200000 -1,000000 -101,000000 0,000000 0,000000
142 1718985012 0,200000 -1,000000 -101,000000 0,000000 0,000000
145 1718985012 0,200000 -1,000000 -101,000000 0,000000 0,000000
142 1718985013 0,200000 -1,000000 -101,000000 0,000000 0,000000
142 1718985014 0,200000 -1,000000 -101,000000 0,000000 0,000000
142 1718985015 0,200000 -1,000000 -101,000000 0,000000 0,000000
142 1718985016 0,200000 -1,000000 -101,000000 0,000000 0,000000
142 1718985062 0,400000 -1,000000 -101,000000 0,000000 0,000000
145 1718985013 0,200000 -1,000000 -101,000000 0,000000 0,000000
145 1718985014 0,200000 -1,000000 -101,000000 0,000000 0,000000
145 1718985015 0,200000 -1,000000 -101,000000 0,000000 0,000000
145 1718985016 0,200000 -1,000000 -101,000000 0,000000 0,000000
145 1718985062 0,400000 -1,000000 -101,000000 0,000000 0,000000
142 1718985063 0,400000 -1,000000 -101,000000 0,000000 0,000000
142 1718985064 0,400000 -1,000000 -101,000000 0,000000 0,000000
142 1718985065 0,400000 -1,000000 -101,000000 0,000000 0,000000
142 1718985066 0,400000 -1,000000 -101,000000 0,000000 0,000000
142 1718985067 0,200000 -1,000000 -101,000000 0,000000 0,000000
142 1718985068 0,200000 -1,000000 -101,000000 0,000000 0,000000
142 1718985069 0,200000 -1,000000 -101,000000 0,000000 0,000000
142 1718985070 0,200000 -1,000000 -101,000000 0,000000 0,000000
142 1718985071 0,200000 -1,000000 -101,000000 0,000000 0,000000
145 1718985063 0,400000 -1,000000 -101,000000 0,000000 0,000000
145 1718985064 0,400000 -1,000000 -101,000000 0,000000 0,000000
145 1718985065 0,400000 -1,000000 -101,000000 0,000000 0,000000
145 1718985066 0,400000 -1,000000 -101,000000 0,000000 0,000000
145 1718985067 0,200000 -1,000000 -101,000000 0,000000 0,000000
145 1718985068 0,200000 -1,000000 -101,000000 0,000000 0,000000
145 1718985069 0,200000 -1,000000 -101,000000 0,000000 0,000000
145 1718985070 0,200000 -1,000000 -101,000000 0,000000 0,000000
145 1718985071 0,200000 -1,000000 -101,000000 0,000000 0,000000
142 1718985117 0,200000 -1,000000 -101,000000 0,000000 0,000000
142 1718985118 0,200000 -1,000000 -101,000000 0,000000 0,000000
142 1718985119 0,200000 -1,000000 -101,000000 0,000000 0,000000
142 1718985120 0,200000 -1,000000 -101,000000 0,000000 0,000000
142 1718985121 0,200000 -1,000000 -101,000000 0,000000 0,000000
145 1718985117 0,200000 -1,000000 -101,000000 0,000000 0,000000
145 1718985118 0,200000 -1,000000 -101,000000 0,000000 0,000000
145 1718985119 0,200000 -1,000000 -101,000000 0,000000 0,000000
145 1718985120 0,200000 -1,000000 -101,000000 0,000000 0,000000
145 1718985121 0,200000 -1,000000 -101,000000 0,000000 0,000000
142 1718985157 0,200000 -1,000000 -101,000000 0,000000 0,000000
142 1718985158 0,200000 -1,000000 -101,000000 0,000000 0,000000
142 1718985159 0,200000 -1,000000 -101,000000 0,000000 0,000000
142 1718985160 0,200000 -1,000000 -101,000000 0,000000 0,000000
142 1718985161 0,200000 -1,000000 -101,000000 0,000000 0,000000
145 1718985157 0,200000 -1,000000 -101,000000 0,000000 0,000000
145 1718985158 0,200000 -1,000000 -101,000000 0,000000 0,000000
145 1718985159 0,200000 -1,000000 -101,000000 0,000000 0,000000
145 1718985160 0,200000 -1,000000 -101,000000 0,000000 0,000000
145 1718985161 0,200000 -1,000000 -101,000000 0,000000 0,000000
142 1718985212 0,200000 -1,000000 -101,000000 0,000000 0,000000
142 1718985213 0,200000 -1,000000 -101,000000 0,000000 0,000000
142 1718985214 0,200000 -1,000000 -101,000000 0,000000 0,000000
142 1718985215 0,200000 -1,000000 -101,000000 0,000000 0,000000
142 1718985216 0,200000 -1,000000 -101,000000 0,000000 0,000000
145 1718985212 0,200000 -1,000000 -101,000000 0,000000 0,000000
145 1718985213 0,200000 -1,000000 -101,000000 0,000000 0,000000
145 1718985214 0,200000 -1,000000 -101,000000 0,000000 0,000000
145 1718985215 0,200000 -1,000000 -101,000000 0,000000 0,000000
145 1718985216 0,200000 -1,000000 -101,000000 0,000000 0,000000
142 1718985267 0,600000 -1,000000 -101,000000 0,000000 0,000000
142 1718985268 0,600000 -1,000000 -101,000000 0,000000 0,000000
142 1718985269 0,600000 -1,000000 -101,000000 0,000000 0,000000
142 1718985270 0,600000 -1,000000 -101,000000 0,000000 0,000000
142 1718985271 0,600000 -1,000000 -101,000000 0,000000 0,000000
145 1718985267 0,600000 -1,000000 -101,000000 0,000000 0,000000
145 1718985268 0,600000 -1,000000 -101,000000 0,000000 0,000000
145 1718985269 0,600000 -1,000000 -101,000000 0,000000 0,000000
145 1718985270 0,600000 -1,000000 -101,000000 0,000000 0,000000
145 1718985271 0,600000 -1,000000 -101,000000 0,000000 0,000000
142 1718985312 0,200000 -1,000000 -101,000000 0,000000 0,000000
142 1718985313 0,200000 -1,000000 -101,000000 0,000000 0,000000
142 1718985314 0,200000 -1,000000 -101,000000 0,000000 0,000000
142 1718985315 0,200000 -1,000000 -101,000000 0,000000 0,000000
142 1718985316 0,200000 -1,000000 -101,000000 0,000000 0,000000
142 1718985327 0,200000 -1,000000 -101,000000 0,000000 0,000000
142 1718985328 0,200000 -1,000000 -101,000000 0,000000 0,000000
142 1718985329 0,200000 -1,000000 -101,000000 0,000000 0,000000
142 1718985330 0,200000 -1,000000 -101,000000 0,000000 0,000000
142 1718985331 0,200000 -1,000000 -101,000000 0,000000 0,000000
145 1718985312 0,200000 -1,000000 -101,000000 0,000000 0,000000
145 1718985313 0,200000 -1,000000 -101,000000 0,000000 0,000000
145 1718985314 0,200000 -1,000000 -101,000000 0,000000 0,000000
145 1718985315 0,200000 -1,000000 -101,000000 0,000000 0,000000
145 1718985316 0,200000 -1,000000 -101,000000 0,000000 0,000000
142 1718985357 0,200000 -1,000000 -101,000000 0,000000 0,000000
142 1718985358 0,200000 -1,000000 -101,000000 0,000000 0,000000
142 1718985359 0,200000 -1,000000 -101,000000 0,000000 0,000000
142 1718985360 0,200000 -1,000000 -101,000000 0,000000 0,000000
142 1718985361 0,200000 -1,000000 -101,000000 0,000000 0,000000
145 1718985357 0,200000 -1,000000 -101,000000 0,000000 0,000000
145 1718985358 0,200000 -1,000000 -101,000000 0,000000 0,000000
145 1718985359 0,200000 -1,000000 -101,000000 0,000000 0,000000
145 1718985360 0,200000 -1,000000 -101,000000 0,000000 0,000000
145 1718985361 0,200000 -1,000000 -101,000000 0,000000 0,000000
142 1718985407 0,200000 -1,000000 -101,000000 0,000000 0,000000
142 1718985408 0,200000 -1,000000 -101,000000 0,000000 0,000000
145 1718985407 0,200000 -1,000000 -101,000000 0,000000 0,000000
145 1718985408 0,200000 -1,000000 -101,000000 0,000000 0,000000
151 1718985327 0,200000 -1,000000 -101,000000 0,000000 0,000000
151 1718985328 0,200000 -1,000000 -101,000000 0,000000 0,000000
151 1718985329 0,200000 -1,000000 -101,000000 0,000000 0,000000
151 1718985330 0,200000 -1,000000 -101,000000 0,000000 0,000000
151 1718985331 0,200000 -1,000000 -101,000000 0,000000 0,000000
142 1718985409 0,200000 -1,000000 -101,000000 0,000000 0,000000
142 1718985410 0,200000 -1,000000 -101,000000 0,000000 0,000000
142 1718985411 0,200000 -1,000000 -101,000000 0,000000 0,000000
145 1718985409 0,200000 -1,000000 -101,000000 0,000000 0,000000
145 1718985410 0,200000 -1,000000 -101,000000 0,000000 0,000000
145 1718985411 0,200000 -1,000000 -101,000000 0,000000 0,000000
142 1718985457 0,400000 -1,000000 -101,000000 0,000000 0,000000
142 1718985458 0,400000 -1,000000 -101,000000 0,000000 0,000000
142 1718985459 0,400000 -1,000000 -101,000000 0,000000 0,000000
142 1718985460 0,400000 -1,000000 -101,000000 0,000000 0,000000
142 1718985461 0,400000 -1,000000 -101,000000 0,000000 0,000000
142 1718985467 0,200000 -1,000000 -101,000000 0,000000 0,000000
142 1718985468 0,200000 -1,000000 -101,000000 0,000000 0,000000
142 1718985469 0,200000 -1,000000 -101,000000 0,000000 0,000000
142 1718985470 0,200000 -1,000000 -101,000000 0,000000 0,000000
142 1718985471 0,200000 -1,000000 -101,000000 0,000000 0,000000
142 1718985472 0,200000 -1,000000 -101,000000 0,000000 0,000000
142 1718985473 0,200000 -1,000000 -101,000000 0,000000 0,000000
142 1718985474 0,200000 -1,000000 -101,000000 0,000000 0,000000
142 1718985475 0,200000 -1,000000 -101,000000 0,000000 0,000000
142 1718985476 0,200000 -1,000000 -101,000000 0,000000 0,000000
145 1718985457 0,400000 -1,000000 -101,000000 0,000000 0,000000
145 1718985458 0,400000 -1,000000 -101,000000 0,000000 0,000000
145 1718985459 0,400000 -1,000000 -101,000000 0,000000 0,000000
145 1718985460 0,400000 -1,000000 -101,000000 0,000000 0,000000
145 1718985461 0,400000 -1,000000 -101,000000 0,000000 0,000000
145 1718985467 0,200000 -1,000000 -101,000000 0,000000 0,000000
145 1718985468 0,200000 -1,000000 -101,000000 0,000000 0,000000
145 1718985469 0,200000 -1,000000 -101,000000 0,000000 0,000000
145 1718985470 0,200000 -1,000000 -101,000000 0,000000 0,000000
145 1718985471 0,200000 -1,000000 -101,000000 0,000000 0,000000
142 1718985512 0,200000 -1,000000 -101,000000 0,000000 0,000000
142 1718985513 0,200000 -1,000000 -101,000000 0,000000 0,000000
142 1718985514 0,200000 -1,000000 -101,000000 0,000000 0,000000
142 1718985515 0,200000 -1,000000 -101,000000 0,000000 0,000000
142 1718985516 0,200000 -1,000000 -101,000000 0,000000 0,000000
145 1718985512 0,200000 -1,000000 -101,000000 0,000000 0,000000
145 1718985513 0,200000 -1,000000 -101,000000 0,000000 0,000000
145 1718985514 0,200000 -1,000000 -101,000000 0,000000 0,000000
145 1718985515 0,200000 -1,000000 -101,000000 0,000000 0,000000
145 1718985516 0,200000 -1,000000 -101,000000 0,000000 0,000000
151 1718985476 0,200000 -1,000000 0,200000 0,200000 0,008000
151 1718985475 0,200000 -1,000000 0,200000 0,200000 0,008000
151 1718985474 0,200000 -1,000000 0,200000 0,200000 0,008000
151 1718985473 0,200000 -1,000000 0,200000 0,200000 0,008000
151 1718985472 0,200000 -1,000000 0,200000 0,200000 0,008000
151 1718985472 0,200000 -1,000000 -101,000000 0,000000 0,000000
151 1718985473 0,200000 -1,000000 -101,000000 0,000000 0,000000
151 1718985474 0,200000 -1,000000 -101,000000 0,000000 0,000000
151 1718985475 0,200000 -1,000000 -101,000000 0,000000 0,000000
151 1718985476 0,200000 -1,000000 -101,000000 0,000000 0,000000
142 1718985567 0,200000 -1,000000 -101,000000 0,000000 0,000000
142 1718985568 0,200000 -1,000000 -101,000000 0,000000 0,000000
142 1718985569 0,200000 -1,000000 -101,000000 0,000000 0,000000
142 1718985570 0,200000 -1,000000 -101,000000 0,000000 0,000000
142 1718985571 0,200000 -1,000000 -101,000000 0,000000 0,000000
145 1718985567 0,200000 -1,000000 -101,000000 0,000000 0,000000
145 1718985568 0,200000 -1,000000 -101,000000 0,000000 0,000000
145 1718985569 0,200000 -1,000000 -101,000000 0,000000 0,000000
145 1718985570 0,200000 -1,000000 -101,000000 0,000000 0,000000
145 1718985571 0,200000 -1,000000 -101,000000 0,000000 0,000000
142 1718985612 0,200000 -1,000000 -101,000000 0,000000 0,000000
142 1718985613 0,200000 -1,000000 -101,000000 0,000000 0,000000
142 1718985614 0,200000 -1,000000 -101,000000 0,000000 0,000000
142 1718985615 0,200000 -1,000000 -101,000000 0,000000 0,000000
142 1718985616 0,200000 -1,000000 -101,000000 0,000000 0,000000
142 1718985622 0,200000 -1,000000 -101,000000 0,000000 0,000000
142 1718985623 0,200000 -1,000000 -101,000000 0,000000 0,000000
142 1718985624 0,200000 -1,000000 -101,000000 0,000000 0,000000
142 1718985625 0,200000 -1,000000 -101,000000 0,000000 0,000000
142 1718985626 0,200000 -1,000000 -101,000000 0,000000 0,000000
145 1718985612 0,200000 -1,000000 -101,000000 0,000000 0,000000
145 1718985613 0,200000 -1,000000 -101,000000 0,000000 0,000000
145 1718985614 0,200000 -1,000000 -101,000000 0,000000 0,000000
145 1718985615 0,200000 -1,000000 -101,000000 0,000000 0,000000
145 1718985616 0,200000 -1,000000 -101,000000 0,000000 0,000000
142 1718985662 0,200000 -1,000000 -101,000000 0,000000 0,000000
142 1718985663 0,200000 -1,000000 -101,000000 0,000000 0,000000
142 1718985664 0,200000 -1,000000 -101,000000 0,000000 0,000000
142 1718985665 0,200000 -1,000000 -101,000000 0,000000 0,000000
142 1718985666 0,200000 -1,000000 -101,000000 0,000000 0,000000
142 1718985667 0,400000 -1,000000 -101,000000 0,000000 0,000000
142 1718985668 0,400000 -1,000000 -101,000000 0,000000 0,000000
142 1718985669 0,400000 -1,000000 -101,000000 0,000000 0,000000
142 1718985670 0,400000 -1,000000 -101,000000 0,000000 0,000000
142 1718985671 0,400000 -1,000000 -101,000000 0,000000 0,000000
145 1718985662 0,200000 -1,000000 -101,000000 0,000000 0,000000
145 1718985663 0,200000 -1,000000 -101,000000 0,000000 0,000000
145 1718985664 0,200000 -1,000000 -101,000000 0,000000 0,000000
145 1718985665 0,200000 -1,000000 -101,000000 0,000000 0,000000
145 1718985666 0,200000 -1,000000 -101,000000 0,000000 0,000000
145 1718985667 0,400000 -1,000000 -101,000000 0,000000 0,000000
145 1718985668 0,400000 -1,000000 -101,000000 0,000000 0,000000
145 1718985669 0,400000 -1,000000 -101,000000 0,000000 0,000000
145 1718985670 0,400000 -1,000000 -101,000000 0,000000 0,000000
145 1718985671 0,400000 -1,000000 -101,000000 0,000000 0,000000
151 1718985622 0,200000 -1,000000 -101,000000 0,000000 0,000000
151 1718985623 0,200000 -1,000000 -101,000000 0,000000 0,000000
151 1718985624 0,200000 -1,000000 -101,000000 0,000000 0,000000
151 1718985625 0,200000 -1,000000 -101,000000 0,000000 0,000000
151 1718985626 0,200000 -1,000000 -101,000000 0,000000 0,000000
142 1718985712 0,200000 -1,000000 -101,000000 0,000000 0,000000
142 1718985713 0,200000 -1,000000 -101,000000 0,000000 0,000000
142 1718985714 0,200000 -1,000000 -101,000000 0,000000 0,000000
142 1718985715 0,200000 -1,000000 -101,000000 0,000000 0,000000
142 1718985716 0,200000 -1,000000 -101,000000 0,000000 0,000000
145 1718985712 0,200000 -1,000000 -101,000000 0,000000 0,000000
145 1718985713 0,200000 -1,000000 -101,000000 0,000000 0,000000
145 1718985714 0,200000 -1,000000 -101,000000 0,000000 0,000000
145 1718985715 0,200000 -1,000000 -101,000000 0,000000 0,000000
145 1718985716 0,200000 -1,000000 -101,000000 0,000000 0,000000
142 1718985757 0,200000 -1,000000 -101,000000 0,000000 0,000000
142 1718985758 0,200000 -1,000000 -101,000000 0,000000 0,000000
142 1718985759 0,200000 -1,000000 -101,000000 0,000000 0,000000
142 1718985760 0,200000 -1,000000 -101,000000 0,000000 0,000000
142 1718985761 0,200000 -1,000000 -101,000000 0,000000 0,000000
142 1718985772 0,200000 -1,000000 -101,000000 0,000000 0,000000
142 1718985773 0,200000 -1,000000 -101,000000 0,000000 0,000000
142 1718985774 0,200000 -1,000000 -101,000000 0,000000 0,000000
142 1718985775 0,200000 -1,000000 -101,000000 0,000000 0,000000
142 1718985776 0,200000 -1,000000 -101,000000 0,000000 0,000000
145 1718985757 0,200000 -1,000000 -101,000000 0,000000 0,000000
145 1718985758 0,200000 -1,000000 -101,000000 0,000000 0,000000
145 1718985759 0,200000 -1,000000 -101,000000 0,000000 0,000000
145 1718985760 0,200000 -1,000000 -101,000000 0,000000 0,000000
145 1718985761 0,200000 -1,000000 -101,000000 0,000000 0,000000
142 1718985812 0,200000 -1,000000 -101,000000 0,000000 0,000000
142 1718985813 0,200000 -1,000000 -101,000000 0,000000 0,000000
142 1718985814 0,200000 -1,000000 -101,000000 0,000000 0,000000
142 1718985815 0,200000 -1,000000 -101,000000 0,000000 0,000000
142 1718985816 0,200000 -1,000000 -101,000000 0,000000 0,000000
145 1718985812 0,200000 -1,000000 -101,000000 0,000000 0,000000
145 1718985813 0,200000 -1,000000 -101,000000 0,000000 0,000000
145 1718985814 0,200000 -1,000000 -101,000000 0,000000 0,000000
145 1718985815 0,200000 -1,000000 -101,000000 0,000000 0,000000
145 1718985816 0,200000 -1,000000 -101,000000 0,000000 0,000000
151 1718985772 0,200000 -1,000000 -101,000000 0,000000 0,000000
151 1718985773 0,200000 -1,000000 -101,000000 0,000000 0,000000
151 1718985774 0,200000 -1,000000 -101,000000 0,000000 0,000000
151 1718985775 0,200000 -1,000000 -101,000000 0,000000 0,000000
151 1718985776 0,200000 -1,000000 -101,000000 0,000000 0,000000
142 1718985862 0,400000 -1,000000 -101,000000 0,000000 0,000000
142 1718985863 0,400000 -1,000000 -101,000000 0,000000 0,000000
142 1718985864 0,400000 -1,000000 -101,000000 0,000000 0,000000
142 1718985865 0,400000 -1,000000 -101,000000 0,000000 0,000000
142 1718985866 0,400000 -1,000000 -101,000000 0,000000 0,000000
142 1718985867 0,200000 -1,000000 -101,000000 0,000000 0,000000
142 1718985868 0,200000 -1,000000 -101,000000 0,000000 0,000000
142 1718985869 0,200000 -1,000000 -101,000000 0,000000 0,000000
142 1718985870 0,200000 -1,000000 -101,000000 0,000000 0,000000
142 1718985871 0,200000 -1,000000 -101,000000 0,000000 0,000000
145 1718985862 0,400000 -1,000000 -101,000000 0,000000 0,000000
145 1718985863 0,400000 -1,000000 -101,000000 0,000000 0,000000
145 1718985864 0,400000 -1,000000 -101,000000 0,000000 0,000000
145 1718985865 0,400000 -1,000000 -101,000000 0,000000 0,000000
145 1718985866 0,400000 -1,000000 -101,000000 0,000000 0,000000
145 1718985867 0,200000 -1,000000 -101,000000 0,000000 0,000000
145 1718985868 0,200000 -1,000000 -101,000000 0,000000 0,000000
145 1718985869 0,200000 -1,000000 -101,000000 0,000000 0,000000
145 1718985870 0,200000 -1,000000 -101,000000 0,000000 0,000000
145 1718985871 0,200000 -1,000000 -101,000000 0,000000 0,000000
142 1718985917 0,200000 -1,000000 -101,000000 0,000000 0,000000
142 1718985918 0,200000 -1,000000 -101,000000 0,000000 0,000000
142 1718985919 0,200000 -1,000000 -101,000000 0,000000 0,000000
142 1718985920 0,200000 -1,000000 -101,000000 0,000000 0,000000
142 1718985921 0,200000 -1,000000 -101,000000 0,000000 0,000000
142 1718985922 0,200000 -1,000000 -101,000000 0,000000 0,000000
142 1718985923 0,200000 -1,000000 -101,000000 0,000000 0,000000
142 1718985924 0,200000 -1,000000 -101,000000 0,000000 0,000000
142 1718985925 0,200000 -1,000000 -101,000000 0,000000 0,000000
142 1718985926 0,200000 -1,000000 -101,000000 0,000000 0,000000
145 1718985917 0,200000 -1,000000 -101,000000 0,000000 0,000000
145 1718985918 0,200000 -1,000000 -101,000000 0,000000 0,000000
145 1718985919 0,200000 -1,000000 -101,000000 0,000000 0,000000
145 1718985920 0,200000 -1,000000 -101,000000 0,000000 0,000000
145 1718985921 0,200000 -1,000000 -101,000000 0,000000 0,000000
142 1718985962 0,200000 -1,000000 -101,000000 0,000000 0,000000
142 1718985963 0,200000 -1,000000 -101,000000 0,000000 0,000000
142 1718985964 0,200000 -1,000000 -101,000000 0,000000 0,000000
142 1718985965 0,200000 -1,000000 -101,000000 0,000000 0,000000
142 1718985966 0,200000 -1,000000 -101,000000 0,000000 0,000000
145 1718985962 0,200000 -1,000000 -101,000000 0,000000 0,000000
145 1718985963 0,200000 -1,000000 -101,000000 0,000000 0,000000
145 1718985964 0,200000 -1,000000 -101,000000 0,000000 0,000000
145 1718985965 0,200000 -1,000000 -101,000000 0,000000 0,000000
145 1718985966 0,200000 -1,000000 -101,000000 0,000000 0,000000
142 1718986017 0,200000 -1,000000 -101,000000 0,000000 0,000000
142 1718986018 0,200000 -1,000000 -101,000000 0,000000 0,000000
142 1718986019 0,200000 -1,000000 -101,000000 0,000000 0,000000
142 1718986020 0,200000 -1,000000 -101,000000 0,000000 0,000000
142 1718986021 0,200000 -1,000000 -101,000000 0,000000 0,000000
142 1718986062 0,400000 -1,000000 -101,000000 0,000000 0,000000
142 1718986063 0,400000 -1,000000 -101,000000 0,000000 0,000000
142 1718986064 0,400000 -1,000000 -101,000000 0,000000 0,000000
142 1718986065 0,400000 -1,000000 -101,000000 0,000000 0,000000
142 1718986066 0,400000 -1,000000 -101,000000 0,000000 0,000000
142 1718986067 0,200000 -1,000000 -101,000000 0,000000 0,000000
142 1718986068 0,200000 -1,000000 -101,000000 0,000000 0,000000
142 1718986069 0,200000 -1,000000 -101,000000 0,000000 0,000000
142 1718986070 0,200000 -1,000000 -101,000000 0,000000 0,000000
142 1718986071 0,200000 -1,000000 -101,000000 0,000000 0,000000
145 1718986017 0,200000 -1,000000 -101,000000 0,000000 0,000000
145 1718986018 0,200000 -1,000000 -101,000000 0,000000 0,000000
145 1718986019 0,200000 -1,000000 -101,000000 0,000000 0,000000
145 1718986020 0,200000 -1,000000 -101,000000 0,000000 0,000000
145 1718986021 0,200000 -1,000000 -101,000000 0,000000 0,000000
145 1718986062 0,400000 -1,000000 -101,000000 0,000000 0,000000
145 1718986063 0,400000 -1,000000 -101,000000 0,000000 0,000000
145 1718986064 0,400000 -1,000000 -101,000000 0,000000 0,000000
145 1718986065 0,400000 -1,000000 -101,000000 0,000000 0,000000
145 1718986066 0,400000 -1,000000 -101,000000 0,000000 0,000000
145 1718986067 0,200000 -1,000000 -101,000000 0,000000 0,000000
145 1718986068 0,200000 -1,000000 -101,000000 0,000000 0,000000
145 1718986069 0,200000 -1,000000 -101,000000 0,000000 0,000000
145 1718986070 0,200000 -1,000000 -101,000000 0,000000 0,000000
145 1718986071 0,200000 -1,000000 -101,000000 0,000000 0,000000
142 1718986172 0,200000 -1,000000 -101,000000 0,000000 0,000000
142 1718986173 0,200000 -1,000000 -101,000000 0,000000 0,000000
142 1718986174 0,200000 -1,000000 -101,000000 0,000000 0,000000
142 1718986175 0,200000 -1,000000 -101,000000 0,000000 0,000000
142 1718986176 0,200000 -1,000000 -101,000000 0,000000 0,000000
145 1718986172 0,200000 -1,000000 -101,000000 0,000000 0,000000
145 1718986173 0,200000 -1,000000 -101,000000 0,000000 0,000000
145 1718986174 0,200000 -1,000000 -101,000000 0,000000 0,000000
145 1718986175 0,200000 -1,000000 -101,000000 0,000000 0,000000
145 1718986176 0,200000 -1,000000 -101,000000 0,000000 0,000000
142 1718986212 0,200000 -1,000000 -101,000000 0,000000 0,000000
142 1718986213 0,200000 -1,000000 -101,000000 0,000000 0,000000
142 1718986214 0,200000 -1,000000 -101,000000 0,000000 0,000000
142 1718986215 0,200000 -1,000000 -101,000000 0,000000 0,000000
142 1718986216 0,200000 -1,000000 -101,000000 0,000000 0,000000
145 1718986212 0,200000 -1,000000 -101,000000 0,000000 0,000000
145 1718986213 0,200000 -1,000000 -101,000000 0,000000 0,000000
145 1718986214 0,200000 -1,000000 -101,000000 0,000000 0,000000
145 1718986215 0,200000 -1,000000 -101,000000 0,000000 0,000000
145 1718986216 0,200000 -1,000000 -101,000000 0,000000 0,000000
142 1718986262 0,400000 -1,000000 -101,000000 0,000000 0,000000
142 1718986263 0,400000 -1,000000 -101,000000 0,000000 0,000000
142 1718986264 0,400000 -1,000000 -101,000000 0,000000 0,000000
142 1718986265 0,400000 -1,000000 -101,000000 0,000000 0,000000
142 1718986266 0,400000 -1,000000 -101,000000 0,000000 0,000000
142 1718986267 0,400000 -1,000000 -101,000000 0,000000 0,000000
142 1718986268 0,400000 -1,000000 -101,000000 0,000000 0,000000
142 1718986269 0,400000 -1,000000 -101,000000 0,000000 0,000000
142 1718986270 0,400000 -1,000000 -101,000000 0,000000 0,000000
142 1718986271 0,400000 -1,000000 -101,000000 0,000000 0,000000
142 1718986312 0,200000 -1,000000 -101,000000 0,000000 0,000000
142 1718986313 0,200000 -1,000000 -101,000000 0,000000 0,000000
142 1718986314 0,200000 -1,000000 -101,000000 0,000000 0,000000
142 1718986315 0,200000 -1,000000 -101,000000 0,000000 0,000000
142 1718986316 0,200000 -1,000000 -101,000000 0,000000 0,000000
145 1718986262 0,400000 -1,000000 -101,000000 0,000000 0,000000
145 1718986263 0,400000 -1,000000 -101,000000 0,000000 0,000000
145 1718986264 0,400000 -1,000000 -101,000000 0,000000 0,000000
145 1718986265 0,400000 -1,000000 -101,000000 0,000000 0,000000
145 1718986266 0,400000 -1,000000 -101,000000 0,000000 0,000000
145 1718986267 0,400000 -1,000000 -101,000000 0,000000 0,000000
145 1718986268 0,400000 -1,000000 -101,000000 0,000000 0,000000
145 1718986269 0,400000 -1,000000 -101,000000 0,000000 0,000000
145 1718986270 0,400000 -1,000000 -101,000000 0,000000 0,000000
145 1718986271 0,400000 -1,000000 -101,000000 0,000000 0,000000
145 1718986312 0,200000 -1,000000 -101,000000 0,000000 0,000000
145 1718986313 0,200000 -1,000000 -101,000000 0,000000 0,000000
145 1718986314 0,200000 -1,000000 -101,000000 0,000000 0,000000
145 1718986315 0,200000 -1,000000 -101,000000 0,000000 0,000000
145 1718986316 0,200000 -1,000000 -101,000000 0,000000 0,000000
142 1718986412 0,200000 -1,000000 -101,000000 0,000000 0,000000
142 1718986413 0,200000 -1,000000 -101,000000 0,000000 0,000000
142 1718986414 0,200000 -1,000000 -101,000000 0,000000 0,000000
142 1718986415 0,200000 -1,000000 -101,000000 0,000000 0,000000
142 1718986416 0,200000 -1,000000 -101,000000 0,000000 0,000000
142 1718986462 0,400000 -1,000000 -101,000000 0,000000 0,000000
142 1718986463 0,400000 -1,000000 -101,000000 0,000000 0,000000
142 1718986464 0,400000 -1,000000 -101,000000 0,000000 0,000000
142 1718986465 0,400000 -1,000000 -101,000000 0,000000 0,000000
142 1718986466 0,400000 -1,000000 -101,000000 0,000000 0,000000
142 1718986467 0,400000 -1,000000 -101,000000 0,000000 0,000000
142 1718986468 0,400000 -1,000000 -101,000000 0,000000 0,000000
142 1718986469 0,400000 -1,000000 -101,000000 0,000000 0,000000
142 1718986470 0,400000 -1,000000 -101,000000 0,000000 0,000000
142 1718986471 0,400000 -1,000000 -101,000000 0,000000 0,000000
145 1718986412 0,200000 -1,000000 -101,000000 0,000000 0,000000
145 1718986413 0,200000 -1,000000 -101,000000 0,000000 0,000000
145 1718986414 0,200000 -1,000000 -101,000000 0,000000 0,000000
145 1718986415 0,200000 -1,000000 -101,000000 0,000000 0,000000
145 1718986416 0,200000 -1,000000 -101,000000 0,000000 0,000000
145 1718986462 0,400000 -1,000000 -101,000000 0,000000 0,000000
145 1718986463 0,400000 -1,000000 -101,000000 0,000000 0,000000
145 1718986464 0,400000 -1,000000 -101,000000 0,000000 0,000000
145 1718986465 0,400000 -1,000000 -101,000000 0,000000 0,000000
145 1718986466 0,400000 -1,000000 -101,000000 0,000000 0,000000
145 1718986467 0,400000 -1,000000 -101,000000 0,000000 0,000000
145 1718986468 0,400000 -1,000000 -101,000000 0,000000 0,000000
145 1718986469 0,400000 -1,000000 -101,000000 0,000000 0,000000
145 1718986470 0,400000 -1,000000 -101,000000 0,000000 0,000000
145 1718986471 0,400000 -1,000000 -101,000000 0,000000 0,000000
142 1718986562 0,200000 -1,000000 -101,000000 0,000000 0,000000
142 1718986563 0,200000 -1,000000 -101,000000 0,000000 0,000000
142 1718986564 0,200000 -1,000000 -101,000000 0,000000 0,000000
142 1718986565 0,200000 -1,000000 -101,000000 0,000000 0,000000
142 1718986566 0,200000 -1,000000 -101,000000 0,000000 0,000000
145 1718986562 0,200000 -1,000000 -101,000000 0,000000 0,000000
145 1718986563 0,200000 -1,000000 -101,000000 0,000000 0,000000
145 1718986564 0,200000 -1,000000 -101,000000 0,000000 0,000000
145 1718986565 0,200000 -1,000000 -101,000000 0,000000 0,000000
145 1718986566 0,200000 -1,000000 -101,000000 0,000000 0,000000
142 1718986662 0,600000 -1,000000 -101,000000 0,000000 0,000000
142 1718986663 0,600000 -1,000000 -101,000000 0,000000 0,000000
142 1718986664 0,600000 -1,000000 -101,000000 0,000000 0,000000
142 1718986665 0,600000 -1,000000 -101,000000 0,000000 0,000000
142 1718986666 0,600000 -1,000000 -101,000000 0,000000 0,000000
145 1718986662 0,600000 -1,000000 -101,000000 0,000000 0,000000
145 1718986663 0,600000 -1,000000 -101,000000 0,000000 0,000000
145 1718986664 0,600000 -1,000000 -101,000000 0,000000 0,000000
145 1718986665 0,600000 -1,000000 -101,000000 0,000000 0,000000
145 1718986666 0,600000 -1,000000 -101,000000 0,000000 0,000000
142 1718986767 0,200000 -1,000000 -101,000000 0,000000 0,000000
142 1718986768 0,200000 -1,000000 -101,000000 0,000000 0,000000
142 1718986769 0,200000 -1,000000 -101,000000 0,000000 0,000000
142 1718986770 0,200000 -1,000000 -101,000000 0,000000 0,000000
142 1718986771 0,200000 -1,000000 -101,000000 0,000000 0,000000
145 1718986767 0,200000 -1,000000 -101,000000 0,000000 0,000000
145 1718986768 0,200000 -1,000000 -101,000000 0,000000 0,000000
145 1718986769 0,200000 -1,000000 -101,000000 0,000000 0,000000
145 1718986770 0,200000 -1,000000 -101,000000 0,000000 0,000000
145 1718986771 0,200000 -1,000000 -101,000000 0,000000 0,000000
142 1718986862 0,200000 -1,000000 -101,000000 0,000000 0,000000
142 1718986863 0,200000 -1,000000 -101,000000 0,000000 0,000000
142 1718986864 0,200000 -1,000000 -101,000000 0,000000 0,000000
142 1718986865 0,200000 -1,000000 -101,000000 0,000000 0,000000
142 1718986866 0,200000 -1,000000 -101,000000 0,000000 0,000000
142 1718986867 0,200000 -1,000000 -101,000000 0,000000 0,000000
142 1718986868 0,200000 -1,000000 -101,000000 0,000000 0,000000
142 1718986869 0,200000 -1,000000 -101,000000 0,000000 0,000000
142 1718986870 0,200000 -1,000000 -101,000000 0,000000 0,000000
142 1718986871 0,200000 -1,000000 -101,000000 0,000000 0,000000
142 1718986917 0,200000 -1,000000 -101,000000 0,000000 0,000000
142 1718986918 0,200000 -1,000000 -101,000000 0,000000 0,000000
142 1718986919 0,200000 -1,000000 -101,000000 0,000000 0,000000
142 1718986920 0,200000 -1,000000 -101,000000 0,000000 0,000000
142 1718986921 0,200000 -1,000000 -101,000000 0,000000 0,000000
145 1718986862 0,200000 -1,000000 -101,000000 0,000000 0,000000
145 1718986863 0,200000 -1,000000 -101,000000 0,000000 0,000000
145 1718986864 0,200000 -1,000000 -101,000000 0,000000 0,000000
145 1718986865 0,200000 -1,000000 -101,000000 0,000000 0,000000
145 1718986866 0,200000 -1,000000 -101,000000 0,000000 0,000000
145 1718986867 0,200000 -1,000000 -101,000000 0,000000 0,000000
145 1718986868 0,200000 -1,000000 -101,000000 0,000000 0,000000
145 1718986869 0,200000 -1,000000 -101,000000 0,000000 0,000000
145 1718986870 0,200000 -1,000000 -101,000000 0,000000 0,000000
145 1718986871 0,200000 -1,000000 -101,000000 0,000000 0,000000
145 1718986917 0,200000 -1,000000 -101,000000 0,000000 0,000000
145 1718986918 0,200000 -1,000000 -101,000000 0,000000 0,000000
145 1718986919 0,200000 -1,000000 -101,000000 0,000000 0,000000
145 1718986920 0,200000 -1,000000 -101,000000 0,000000 0,000000
145 1718986921 0,200000 -1,000000 -101,000000 0,000000 0,000000
142 1718987057 0,200000 -1,000000 -101,000000 0,000000 0,000000
142 1718987058 0,200000 -1,000000 -101,000000 0,000000 0,000000
142 1718987059 0,200000 -1,000000 -101,000000 0,000000 0,000000
142 1718987060 0,200000 -1,000000 -101,000000 0,000000 0,000000
142 1718987061 0,200000 -1,000000 -101,000000 0,000000 0,000000
142 1718987067 0,600000 -1,000000 -101,000000 0,000000 0,000000
142 1718987068 0,600000 -1,000000 -101,000000 0,000000 0,000000
142 1718987069 0,600000 -1,000000 -101,000000 0,000000 0,000000
142 1718987070 0,600000 -1,000000 -101,000000 0,000000 0,000000
142 1718987071 0,600000 -1,000000 -101,000000 0,000000 0,000000
145 1718987057 0,200000 -1,000000 -101,000000 0,000000 0,000000
145 1718987058 0,200000 -1,000000 -101,000000 0,000000 0,000000
145 1718987059 0,200000 -1,000000 -101,000000 0,000000 0,000000
145 1718987060 0,200000 -1,000000 -101,000000 0,000000 0,000000
145 1718987061 0,200000 -1,000000 -101,000000 0,000000 0,000000
145 1718987067 0,600000 -1,000000 -101,000000 0,000000 0,000000
145 1718987068 0,600000 -1,000000 -101,000000 0,000000 0,000000
145 1718987069 0,600000 -1,000000 -101,000000 0,000000 0,000000
145 1718987070 0,600000 -1,000000 -101,000000 0,000000 0,000000
145 1718987071 0,600000 -1,000000 -101,000000 0,000000 0,000000
142 1718987462 0,200000 -1,000000 -101,000000 0,000000 0,000000
142 1718987463 0,200000 -1,000000 -101,000000 0,000000 0,000000
142 1718987464 0,200000 -1,000000 -101,000000 0,000000 0,000000
142 1718987465 0,200000 -1,000000 -101,000000 0,000000 0,000000
142 1718987466 0,200000 -1,000000 -101,000000 0,000000 0,000000
142 1718987467 0,200000 -1,000000 -101,000000 0,000000 0,000000
142 1718987468 0,200000 -1,000000 -101,000000 0,000000 0,000000
142 1718987469 0,200000 -1,000000 -101,000000 0,000000 0,000000
142 1718987470 0,200000 -1,000000 -101,000000 0,000000 0,000000
142 1718987471 0,200000 -1,000000 -101,000000 0,000000 0,000000
145 1718987462 0,200000 -1,000000 -101,000000 0,000000 0,000000
145 1718987463 0,200000 -1,000000 -101,000000 0,000000 0,000000
145 1718987464 0,200000 -1,000000 -101,000000 0,000000 0,000000
145 1718987465 0,200000 -1,000000 -101,000000 0,000000 0,000000
145 1718987466 0,200000 -1,000000 -101,000000 0,000000 0,000000
145 1718987467 0,200000 -1,000000 -101,000000 0,000000 0,000000
145 1718987468 0,200000 -1,000000 -101,000000 0,000000 0,000000
145 1718987469 0,200000 -1,000000 -101,000000 0,000000 0,000000
145 1718987470 0,200000 -1,000000 -101,000000 0,000000 0,000000
145 1718987471 0,200000 -1,000000 -101,000000 0,000000 0,000000
142 1718987562 0,200000 -1,000000 -101,000000 0,000000 0,000000
142 1718987563 0,200000 -1,000000 -101,000000 0,000000 0,000000
142 1718987564 0,200000 -1,000000 -101,000000 0,000000 0,000000
142 1718987565 0,200000 -1,000000 -101,000000 0,000000 0,000000
142 1718987566 0,200000 -1,000000 -101,000000 0,000000 0,000000
145 1718987562 0,200000 -1,000000 -101,000000 0,000000 0,000000
145 1718987563 0,200000 -1,000000 -101,000000 0,000000 0,000000
145 1718987564 0,200000 -1,000000 -101,000000 0,000000 0,000000
145 1718987565 0,200000 -1,000000 -101,000000 0,000000 0,000000
145 1718987566 0,200000 -1,000000 -101,000000 0,000000 0,000000
151 1718985922 0,200000 -1,000000 -101,000000 0,000000 0,000000
151 1718985923 0,200000 -1,000000 -101,000000 0,000000 0,000000
151 1718985924 0,200000 -1,000000 -101,000000 0,000000 0,000000
151 1718985925 0,200000 -1,000000 -101,000000 0,000000 0,000000
151 1718985926 0,200000 -1,000000 -101,000000 0,000000 0,000000
142 1718987667 0,400000 -1,000000 -101,000000 0,000000 0,000000
142 1718987668 0,400000 -1,000000 -101,000000 0,000000 0,000000
142 1718987669 0,400000 -1,000000 -101,000000 0,000000 0,000000
142 1718987670 0,400000 -1,000000 -101,000000 0,000000 0,000000
142 1718987671 0,400000 -1,000000 -101,000000 0,000000 0,000000
142 1718987712 0,200000 -1,000000 -101,000000 0,000000 0,000000
142 1718987713 0,200000 -1,000000 -101,000000 0,000000 0,000000
142 1718987714 0,200000 -1,000000 -101,000000 0,000000 0,000000
142 1718987715 0,200000 -1,000000 -101,000000 0,000000 0,000000
142 1718987716 0,200000 -1,000000 -101,000000 0,000000 0,000000
142 1718987722 0,200000 -1,000000 -101,000000 0,000000 0,000000
142 1718987723 0,200000 -1,000000 -101,000000 0,000000 0,000000
142 1718987724 0,200000 -1,000000 -101,000000 0,000000 0,000000
142 1718987725 0,200000 -1,000000 -101,000000 0,000000 0,000000
142 1718987726 0,200000 -1,000000 -101,000000 0,000000 0,000000
145 1718987667 0,400000 -1,000000 -101,000000 0,000000 0,000000
145 1718987668 0,400000 -1,000000 -101,000000 0,000000 0,000000
145 1718987669 0,400000 -1,000000 -101,000000 0,000000 0,000000
145 1718987670 0,400000 -1,000000 -101,000000 0,000000 0,000000
145 1718987671 0,400000 -1,000000 -101,000000 0,000000 0,000000
145 1718987712 0,200000 -1,000000 -101,000000 0,000000 0,000000
145 1718987713 0,200000 -1,000000 -101,000000 0,000000 0,000000
145 1718987714 0,200000 -1,000000 -101,000000 0,000000 0,000000
145 1718987715 0,200000 -1,000000 -101,000000 0,000000 0,000000
145 1718987716 0,200000 -1,000000 -101,000000 0,000000 0,000000
142 1718987862 0,400000 -1,000000 -101,000000 0,000000 0,000000
142 1718987863 0,400000 -1,000000 -101,000000 0,000000 0,000000
142 1718987864 0,400000 -1,000000 -101,000000 0,000000 0,000000
142 1718987865 0,400000 -1,000000 -101,000000 0,000000 0,000000
142 1718987866 0,400000 -1,000000 -101,000000 0,000000 0,000000
142 1718987867 0,200000 -1,000000 -101,000000 0,000000 0,000000
142 1718987868 0,200000 -1,000000 -101,000000 0,000000 0,000000
142 1718987869 0,200000 -1,000000 -101,000000 0,000000 0,000000
142 1718987870 0,200000 -1,000000 -101,000000 0,000000 0,000000
142 1718987871 0,200000 -1,000000 -101,000000 0,000000 0,000000
145 1718987862 0,400000 -1,000000 -101,000000 0,000000 0,000000
145 1718987863 0,400000 -1,000000 -101,000000 0,000000 0,000000
145 1718987864 0,400000 -1,000000 -101,000000 0,000000 0,000000
145 1718987865 0,400000 -1,000000 -101,000000 0,000000 0,000000
145 1718987866 0,400000 -1,000000 -101,000000 0,000000 0,000000
145 1718987867 0,200000 -1,000000 -101,000000 0,000000 0,000000
145 1718987868 0,200000 -1,000000 -101,000000 0,000000 0,000000
145 1718987869 0,200000 -1,000000 -101,000000 0,000000 0,000000
145 1718987870 0,200000 -1,000000 -101,000000 0,000000 0,000000
145 1718987871 0,200000 -1,000000 -101,000000 0,000000 0,000000
142 1718987957 0,200000 -1,000000 -101,000000 0,000000 0,000000
142 1718987958 0,200000 -1,000000 -101,000000 0,000000 0,000000
142 1718987959 0,200000 -1,000000 -101,000000 0,000000 0,000000
142 1718987960 0,200000 -1,000000 -101,000000 0,000000 0,000000
142 1718987961 0,200000 -1,000000 -101,000000 0,000000 0,000000
145 1718987957 0,200000 -1,000000 -101,000000 0,000000 0,000000
145 1718987958 0,200000 -1,000000 -101,000000 0,000000 0,000000
145 1718987959 0,200000 -1,000000 -101,000000 0,000000 0,000000
145 1718987960 0,200000 -1,000000 -101,000000 0,000000 0,000000
145 1718987961 0,200000 -1,000000 -101,000000 0,000000 0,000000
142 1718988067 0,400000 -1,000000 -101,000000 0,000000 0,000000
142 1718988068 0,400000 -1,000000 -101,000000 0,000000 0,000000
142 1718988069 0,400000 -1,000000 -101,000000 0,000000 0,000000
142 1718988070 0,400000 -1,000000 -101,000000 0,000000 0,000000
142 1718988071 0,400000 -1,000000 -101,000000 0,000000 0,000000
145 1718988067 0,400000 -1,000000 -101,000000 0,000000 0,000000
145 1718988068 0,400000 -1,000000 -101,000000 0,000000 0,000000
145 1718988069 0,400000 -1,000000 -101,000000 0,000000 0,000000
145 1718988070 0,400000 -1,000000 -101,000000 0,000000 0,000000
145 1718988071 0,400000 -1,000000 -101,000000 0,000000 0,000000
142 1718988162 0,200000 -1,000000 -101,000000 0,000000 0,000000
142 1718988163 0,200000 -1,000000 -101,000000 0,000000 0,000000
142 1718988164 0,200000 -1,000000 -101,000000 0,000000 0,000000
142 1718988165 0,200000 -1,000000 -101,000000 0,000000 0,000000
142 1718988166 0,200000 -1,000000 -101,000000 0,000000 0,000000
145 1718988162 0,200000 -1,000000 -101,000000 0,000000 0,000000
145 1718988163 0,200000 -1,000000 -101,000000 0,000000 0,000000
145 1718988164 0,200000 -1,000000 -101,000000 0,000000 0,000000
145 1718988165 0,200000 -1,000000 -101,000000 0,000000 0,000000
145 1718988166 0,200000 -1,000000 -101,000000 0,000000 0,000000
142 1718988267 0,600000 -1,000000 -101,000000 0,000000 0,000000
142 1718988268 0,600000 -1,000000 -101,000000 0,000000 0,000000
142 1718988269 0,600000 -1,000000 -101,000000 0,000000 0,000000
142 1718988270 0,600000 -1,000000 -101,000000 0,000000 0,000000
142 1718988271 0,600000 -1,000000 -101,000000 0,000000 0,000000
145 1718988267 0,600000 -1,000000 -101,000000 0,000000 0,000000
145 1718988268 0,600000 -1,000000 -101,000000 0,000000 0,000000
145 1718988269 0,600000 -1,000000 -101,000000 0,000000 0,000000
145 1718988270 0,600000 -1,000000 -101,000000 0,000000 0,000000
145 1718988271 0,600000 -1,000000 -101,000000 0,000000 0,000000
142 1718988462 0,600000 -1,000000 -101,000000 0,000000 0,000000
142 1718988463 0,600000 -1,000000 -101,000000 0,000000 0,000000
142 1718988464 0,600000 -1,000000 -101,000000 0,000000 0,000000
142 1718988465 0,600000 -1,000000 -101,000000 0,000000 0,000000
142 1718988466 0,600000 -1,000000 -101,000000 0,000000 0,000000
145 1718988462 0,600000 -1,000000 -101,000000 0,000000 0,000000
145 1718988463 0,600000 -1,000000 -101,000000 0,000000 0,000000
145 1718988464 0,600000 -1,000000 -101,000000 0,000000 0,000000
145 1718988465 0,600000 -1,000000 -101,000000 0,000000 0,000000
145 1718988466 0,600000 -1,000000 -101,000000 0,000000 0,000000
142 1718988567 0,200000 -1,000000 -101,000000 0,000000 0,000000
142 1718988568 0,200000 -1,000000 -101,000000 0,000000 0,000000
142 1718988569 0,200000 -1,000000 -101,000000 0,000000 0,000000
142 1718988570 0,200000 -1,000000 -101,000000 0,000000 0,000000
142 1718988571 0,200000 -1,000000 -101,000000 0,000000 0,000000
145 1718988567 0,200000 -1,000000 -101,000000 0,000000 0,000000
145 1718988568 0,200000 -1,000000 -101,000000 0,000000 0,000000
145 1718988569 0,200000 -1,000000 -101,000000 0,000000 0,000000
145 1718988570 0,200000 -1,000000 -101,000000 0,000000 0,000000
145 1718988571 0,200000 -1,000000 -101,000000 0,000000 0,000000
142 1718988612 0,200000 -1,000000 -101,000000 0,000000 0,000000
142 1718988613 0,200000 -1,000000 -101,000000 0,000000 0,000000
145 1718988612 0,200000 -1,000000 -101,000000 0,000000 0,000000
145 1718988613 0,200000 -1,000000 -101,000000 0,000000 0,000000
142 1718988614 0,200000 -1,000000 -101,000000 0,000000 0,000000
142 1718988615 0,200000 -1,000000 -101,000000 0,000000 0,000000
142 1718988616 0,200000 -1,000000 -101,000000 0,000000 0,000000
145 1718988614 0,200000 -1,000000 -101,000000 0,000000 0,000000
145 1718988615 0,200000 -1,000000 -101,000000 0,000000 0,000000
145 1718988616 0,200000 -1,000000 -101,000000 0,000000 0,000000
142 1718988667 0,800000 -1,000000 -101,000000 0,000000 0,000000
142 1718988668 0,800000 -1,000000 -101,000000 0,000000 0,000000
142 1718988669 0,800000 -1,000000 -101,000000 0,000000 0,000000
142 1718988670 0,800000 -1,000000 -101,000000 0,000000 0,000000
142 1718988671 0,800000 -1,000000 -101,000000 0,000000 0,000000
142 1718988672 0,200000 -1,000000 -101,000000 0,000000 0,000000
142 1718988673 0,200000 -1,000000 -101,000000 0,000000 0,000000
142 1718988674 0,200000 -1,000000 -101,000000 0,000000 0,000000
142 1718988675 0,200000 -1,000000 -101,000000 0,000000 0,000000
142 1718988676 0,200000 -1,000000 -101,000000 0,000000 0,000000
142 1718988677 0,200000 -1,000000 -101,000000 0,000000 0,000000
142 1718988678 0,200000 -1,000000 -101,000000 0,000000 0,000000
142 1718988679 0,200000 -1,000000 -101,000000 0,000000 0,000000
142 1718988680 0,200000 -1,000000 -101,000000 0,000000 0,000000
142 1718988681 0,200000 -1,000000 -101,000000 0,000000 0,000000
145 1718988667 0,800000 -1,000000 -101,000000 0,000000 0,000000
145 1718988668 0,800000 -1,000000 -101,000000 0,000000 0,000000
145 1718988669 0,800000 -1,000000 -101,000000 0,000000 0,000000
145 1718988670 0,800000 -1,000000 -101,000000 0,000000 0,000000
145 1718988671 0,800000 -1,000000 -101,000000 0,000000 0,000000
145 1718988672 0,200000 -1,000000 -101,000000 0,000000 0,000000
145 1718988673 0,200000 -1,000000 -101,000000 0,000000 0,000000
145 1718988674 0,200000 -1,000000 -101,000000 0,000000 0,000000
145 1718988675 0,200000 -1,000000 -101,000000 0,000000 0,000000
145 1718988676 0,200000 -1,000000 -101,000000 0,000000 0,000000
145 1718988677 0,200000 -1,000000 -101,000000 0,000000 0,000000
145 1718988678 0,200000 -1,000000 -101,000000 0,000000 0,000000
145 1718988679 0,200000 -1,000000 -101,000000 0,000000 0,000000
145 1718988680 0,200000 -1,000000 -101,000000 0,000000 0,000000
145 1718988681 0,200000 -1,000000 -101,000000 0,000000 0,000000
142 1718988712 0,200000 -1,000000 -101,000000 0,000000 0,000000
142 1718988713 0,200000 -1,000000 -101,000000 0,000000 0,000000
142 1718988714 0,200000 -1,000000 -101,000000 0,000000 0,000000
142 1718988715 0,200000 -1,000000 -101,000000 0,000000 0,000000
142 1718988716 0,200000 -1,000000 -101,000000 0,000000 0,000000
145 1718988712 0,200000 -1,000000 -101,000000 0,000000 0,000000
145 1718988713 0,200000 -1,000000 -101,000000 0,000000 0,000000
145 1718988714 0,200000 -1,000000 -101,000000 0,000000 0,000000
145 1718988715 0,200000 -1,000000 -101,000000 0,000000 0,000000
145 1718988716 0,200000 -1,000000 -101,000000 0,000000 0,000000
142 1718988762 0,200000 -1,000000 -101,000000 0,000000 0,000000
142 1718988763 0,200000 -1,000000 -101,000000 0,000000 0,000000
142 1718988764 0,200000 -1,000000 -101,000000 0,000000 0,000000
142 1718988765 0,200000 -1,000000 -101,000000 0,000000 0,000000
142 1718988766 0,200000 -1,000000 -101,000000 0,000000 0,000000
145 1718988762 0,200000 -1,000000 -101,000000 0,000000 0,000000
145 1718988763 0,200000 -1,000000 -101,000000 0,000000 0,000000
145 1718988764 0,200000 -1,000000 -101,000000 0,000000 0,000000
145 1718988765 0,200000 -1,000000 -101,000000 0,000000 0,000000
145 1718988766 0,200000 -1,000000 -101,000000 0,000000 0,000000
142 1718988817 0,200000 -1,000000 -101,000000 0,000000 0,000000
142 1718988818 0,200000 -1,000000 -101,000000 0,000000 0,000000
142 1718988819 0,200000 -1,000000 -101,000000 0,000000 0,000000
142 1718988820 0,200000 -1,000000 -101,000000 0,000000 0,000000
142 1718988821 0,200000 -1,000000 -101,000000 0,000000 0,000000
145 1718988817 0,200000 -1,000000 -101,000000 0,000000 0,000000
145 1718988818 0,200000 -1,000000 -101,000000 0,000000 0,000000
145 1718988819 0,200000 -1,000000 -101,000000 0,000000 0,000000
145 1718988820 0,200000 -1,000000 -101,000000 0,000000 0,000000
145 1718988821 0,200000 -1,000000 -101,000000 0,000000 0,000000
151 1718987722 0,200000 -1,000000 -101,000000 0,000000 0,000000
151 1718987723 0,200000 -1,000000 -101,000000 0,000000 0,000000
151 1718987724 0,200000 -1,000000 -101,000000 0,000000 0,000000
151 1718987725 0,200000 -1,000000 -101,000000 0,000000 0,000000
151 1718987726 0,200000 -1,000000 -101,000000 0,000000 0,000000
142 1718988862 0,400000 -1,000000 -101,000000 0,000000 0,000000
142 1718988863 0,400000 -1,000000 -101,000000 0,000000 0,000000
142 1718988864 0,400000 -1,000000 -101,000000 0,000000 0,000000
142 1718988865 0,400000 -1,000000 -101,000000 0,000000 0,000000
142 1718988866 0,400000 -1,000000 -101,000000 0,000000 0,000000
142 1718988867 0,800000 -1,000000 -101,000000 0,000000 0,000000
142 1718988868 0,800000 -1,000000 -101,000000 0,000000 0,000000
142 1718988869 0,800000 -1,000000 -101,000000 0,000000 0,000000
142 1718988870 0,800000 -1,000000 -101,000000 0,000000 0,000000
142 1718988871 0,800000 -1,000000 -101,000000 0,000000 0,000000
145 1718988862 0,400000 -1,000000 -101,000000 0,000000 0,000000
145 1718988863 0,400000 -1,000000 -101,000000 0,000000 0,000000
145 1718988864 0,400000 -1,000000 -101,000000 0,000000 0,000000
145 1718988865 0,400000 -1,000000 -101,000000 0,000000 0,000000
145 1718988866 0,400000 -1,000000 -101,000000 0,000000 0,000000
145 1718988867 0,800000 -1,000000 -101,000000 0,000000 0,000000
145 1718988868 0,800000 -1,000000 -101,000000 0,000000 0,000000
145 1718988869 0,800000 -1,000000 -101,000000 0,000000 0,000000
145 1718988870 0,800000 -1,000000 -101,000000 0,000000 0,000000
145 1718988871 0,800000 -1,000000 -101,000000 0,000000 0,000000
142 1718988912 0,200000 -1,000000 -101,000000 0,000000 0,000000
142 1718988913 0,200000 -1,000000 -101,000000 0,000000 0,000000
142 1718988914 0,200000 -1,000000 -101,000000 0,000000 0,000000
142 1718988915 0,200000 -1,000000 -101,000000 0,000000 0,000000
142 1718988916 0,200000 -1,000000 -101,000000 0,000000 0,000000
142 1718988927 0,200000 -1,000000 -101,000000 0,000000 0,000000
142 1718988928 0,200000 -1,000000 -101,000000 0,000000 0,000000
142 1718988929 0,200000 -1,000000 -101,000000 0,000000 0,000000
142 1718988930 0,200000 -1,000000 -101,000000 0,000000 0,000000
142 1718988931 0,200000 -1,000000 -101,000000 0,000000 0,000000
145 1718988912 0,200000 -1,000000 -101,000000 0,000000 0,000000
145 1718988913 0,200000 -1,000000 -101,000000 0,000000 0,000000
145 1718988914 0,200000 -1,000000 -101,000000 0,000000 0,000000
145 1718988915 0,200000 -1,000000 -101,000000 0,000000 0,000000
145 1718988916 0,200000 -1,000000 -101,000000 0,000000 0,000000
142 1718988962 0,200000 -1,000000 -101,000000 0,000000 0,000000
142 1718988963 0,200000 -1,000000 -101,000000 0,000000 0,000000
142 1718988964 0,200000 -1,000000 -101,000000 0,000000 0,000000
142 1718988965 0,200000 -1,000000 -101,000000 0,000000 0,000000
142 1718988966 0,200000 -1,000000 -101,000000 0,000000 0,000000
145 1718988962 0,200000 -1,000000 -101,000000 0,000000 0,000000
145 1718988963 0,200000 -1,000000 -101,000000 0,000000 0,000000
145 1718988964 0,200000 -1,000000 -101,000000 0,000000 0,000000
145 1718988965 0,200000 -1,000000 -101,000000 0,000000 0,000000
145 1718988966 0,200000 -1,000000 -101,000000 0,000000 0,000000
142 1718989012 0,200000 -1,000000 -101,000000 0,000000 0,000000
142 1718989013 0,200000 -1,000000 -101,000000 0,000000 0,000000
142 1718989014 0,200000 -1,000000 -101,000000 0,000000 0,000000
142 1718989015 0,200000 -1,000000 -101,000000 0,000000 0,000000
142 1718989016 0,200000 -1,000000 -101,000000 0,000000 0,000000
145 1718989012 0,200000 -1,000000 -101,000000 0,000000 0,000000
145 1718989013 0,200000 -1,000000 -101,000000 0,000000 0,000000
145 1718989014 0,200000 -1,000000 -101,000000 0,000000 0,000000
145 1718989015 0,200000 -1,000000 -101,000000 0,000000 0,000000
145 1718989016 0,200000 -1,000000 -101,000000 0,000000 0,000000
142 1718989057 0,200000 -1,000000 -101,000000 0,000000 0,000000
142 1718989058 0,200000 -1,000000 -101,000000 0,000000 0,000000
142 1718989059 0,200000 -1,000000 -101,000000 0,000000 0,000000
142 1718989060 0,200000 -1,000000 -101,000000 0,000000 0,000000
142 1718989061 0,200000 -1,000000 -101,000000 0,000000 0,000000
142 1718989062 0,600000 -1,000000 -101,000000 0,000000 0,000000
142 1718989063 0,600000 -1,000000 -101,000000 0,000000 0,000000
142 1718989064 0,600000 -1,000000 -101,000000 0,000000 0,000000
142 1718989065 0,600000 -1,000000 -101,000000 0,000000 0,000000
142 1718989066 0,600000 -1,000000 -101,000000 0,000000 0,000000
142 1718989067 0,400000 -1,000000 -101,000000 0,000000 0,000000
142 1718989068 0,400000 -1,000000 -101,000000 0,000000 0,000000
142 1718989069 0,400000 -1,000000 -101,000000 0,000000 0,000000
142 1718989070 0,400000 -1,000000 -101,000000 0,000000 0,000000
142 1718989071 0,400000 -1,000000 -101,000000 0,000000 0,000000
145 1718989057 0,200000 -1,000000 -101,000000 0,000000 0,000000
145 1718989058 0,200000 -1,000000 -101,000000 0,000000 0,000000
145 1718989059 0,200000 -1,000000 -101,000000 0,000000 0,000000
145 1718989060 0,200000 -1,000000 -101,000000 0,000000 0,000000
145 1718989061 0,200000 -1,000000 -101,000000 0,000000 0,000000
145 1718989062 0,600000 -1,000000 -101,000000 0,000000 0,000000
145 1718989063 0,600000 -1,000000 -101,000000 0,000000 0,000000
145 1718989064 0,600000 -1,000000 -101,000000 0,000000 0,000000
145 1718989065 0,600000 -1,000000 -101,000000 0,000000 0,000000
145 1718989066 0,600000 -1,000000 -101,000000 0,000000 0,000000
145 1718989067 0,400000 -1,000000 -101,000000 0,000000 0,000000
145 1718989068 0,400000 -1,000000 -101,000000 0,000000 0,000000
145 1718989069 0,400000 -1,000000 -101,000000 0,000000 0,000000
145 1718989070 0,400000 -1,000000 -101,000000 0,000000 0,000000
145 1718989071 0,400000 -1,000000 -101,000000 0,000000 0,000000
142 1718989112 0,200000 -1,000000 -101,000000 0,000000 0,000000
142 1718989113 0,200000 -1,000000 -101,000000 0,000000 0,000000
142 1718989114 0,200000 -1,000000 -101,000000 0,000000 0,000000
142 1718989115 0,200000 -1,000000 -101,000000 0,000000 0,000000
142 1718989116 0,200000 -1,000000 -101,000000 0,000000 0,000000
145 1718989112 0,200000 -1,000000 -101,000000 0,000000 0,000000
145 1718989113 0,200000 -1,000000 -101,000000 0,000000 0,000000
145 1718989114 0,200000 -1,000000 -101,000000 0,000000 0,000000
145 1718989115 0,200000 -1,000000 -101,000000 0,000000 0,000000
145 1718989116 0,200000 -1,000000 -101,000000 0,000000 0,000000
142 1718989162 0,200000 -1,000000 -101,000000 0,000000 0,000000
142 1718989163 0,200000 -1,000000 -101,000000 0,000000 0,000000
142 1718989164 0,200000 -1,000000 -101,000000 0,000000 0,000000
142 1718989165 0,200000 -1,000000 -101,000000 0,000000 0,000000
142 1718989166 0,200000 -1,000000 -101,000000 0,000000 0,000000
145 1718989162 0,200000 -1,000000 -101,000000 0,000000 0,000000
145 1718989163 0,200000 -1,000000 -101,000000 0,000000 0,000000
145 1718989164 0,200000 -1,000000 -101,000000 0,000000 0,000000
145 1718989165 0,200000 -1,000000 -101,000000 0,000000 0,000000
145 1718989166 0,200000 -1,000000 -101,000000 0,000000 0,000000
142 1718989217 0,200000 -1,000000 -101,000000 0,000000 0,000000
142 1718989218 0,200000 -1,000000 -101,000000 0,000000 0,000000
142 1718989219 0,200000 -1,000000 -101,000000 0,000000 0,000000
142 1718989220 0,200000 -1,000000 -101,000000 0,000000 0,000000
142 1718989221 0,200000 -1,000000 -101,000000 0,000000 0,000000
145 1718989217 0,200000 -1,000000 -101,000000 0,000000 0,000000
145 1718989218 0,200000 -1,000000 -101,000000 0,000000 0,000000
145 1718989219 0,200000 -1,000000 -101,000000 0,000000 0,000000
145 1718989220 0,200000 -1,000000 -101,000000 0,000000 0,000000
145 1718989221 0,200000 -1,000000 -101,000000 0,000000 0,000000
142 1718989262 0,600000 -1,000000 -101,000000 0,000000 0,000000
142 1718989263 0,600000 -1,000000 -101,000000 0,000000 0,000000
142 1718989264 0,600000 -1,000000 -101,000000 0,000000 0,000000
142 1718989265 0,600000 -1,000000 -101,000000 0,000000 0,000000
142 1718989266 0,600000 -1,000000 -101,000000 0,000000 0,000000
142 1718989267 0,400000 -1,000000 -101,000000 0,000000 0,000000
142 1718989268 0,400000 -1,000000 -101,000000 0,000000 0,000000
142 1718989269 0,400000 -1,000000 -101,000000 0,000000 0,000000
142 1718989270 0,400000 -1,000000 -101,000000 0,000000 0,000000
142 1718989271 0,400000 -1,000000 -101,000000 0,000000 0,000000
142 1718989272 0,200000 -1,000000 -101,000000 0,000000 0,000000
142 1718989273 0,200000 -1,000000 -101,000000 0,000000 0,000000
142 1718989274 0,200000 -1,000000 -101,000000 0,000000 0,000000
142 1718989275 0,200000 -1,000000 -101,000000 0,000000 0,000000
142 1718989276 0,200000 -1,000000 -101,000000 0,000000 0,000000
145 1718989262 0,600000 -1,000000 -101,000000 0,000000 0,000000
145 1718989263 0,600000 -1,000000 -101,000000 0,000000 0,000000
145 1718989264 0,600000 -1,000000 -101,000000 0,000000 0,000000
145 1718989265 0,600000 -1,000000 -101,000000 0,000000 0,000000
145 1718989266 0,600000 -1,000000 -101,000000 0,000000 0,000000
145 1718989267 0,400000 -1,000000 -101,000000 0,000000 0,000000
145 1718989268 0,400000 -1,000000 -101,000000 0,000000 0,000000
145 1718989269 0,400000 -1,000000 -101,000000 0,000000 0,000000
145 1718989270 0,400000 -1,000000 -101,000000 0,000000 0,000000
145 1718989271 0,400000 -1,000000 -101,000000 0,000000 0,000000
145 1718989272 0,200000 -1,000000 -101,000000 0,000000 0,000000
145 1718989273 0,200000 -1,000000 -101,000000 0,000000 0,000000
145 1718989274 0,200000 -1,000000 -101,000000 0,000000 0,000000
145 1718989275 0,200000 -1,000000 -101,000000 0,000000 0,000000
145 1718989276 0,200000 -1,000000 -101,000000 0,000000 0,000000
151 1718988927 0,200000 -1,000000 -101,000000 0,000000 0,000000
151 1718988928 0,200000 -1,000000 -101,000000 0,000000 0,000000
151 1718988929 0,200000 -1,000000 -101,000000 0,000000 0,000000
151 1718988930 0,200000 -1,000000 -101,000000 0,000000 0,000000
151 1718988931 0,200000 -1,000000 -101,000000 0,000000 0,000000
142 1718989317 0,200000 -1,000000 -101,000000 0,000000 0,000000
142 1718989318 0,200000 -1,000000 -101,000000 0,000000 0,000000
142 1718989319 0,200000 -1,000000 -101,000000 0,000000 0,000000
142 1718989320 0,200000 -1,000000 -101,000000 0,000000 0,000000
142 1718989321 0,200000 -1,000000 -101,000000 0,000000 0,000000
145 1718989317 0,200000 -1,000000 -101,000000 0,000000 0,000000
145 1718989318 0,200000 -1,000000 -101,000000 0,000000 0,000000
145 1718989319 0,200000 -1,000000 -101,000000 0,000000 0,000000
145 1718989320 0,200000 -1,000000 -101,000000 0,000000 0,000000
145 1718989321 0,200000 -1,000000 -101,000000 0,000000 0,000000
142 1718989367 0,200000 -1,000000 -101,000000 0,000000 0,000000
142 1718989368 0,200000 -1,000000 -101,000000 0,000000 0,000000
142 1718989369 0,200000 -1,000000 -101,000000 0,000000 0,000000
142 1718989370 0,200000 -1,000000 -101,000000 0,000000 0,000000
142 1718989371 0,200000 -1,000000 -101,000000 0,000000 0,000000
142 1718989377 0,200000 -1,000000 -101,000000 0,000000 0,000000
142 1718989378 0,200000 -1,000000 -101,000000 0,000000 0,000000
142 1718989379 0,200000 -1,000000 -101,000000 0,000000 0,000000
142 1718989380 0,200000 -1,000000 -101,000000 0,000000 0,000000
142 1718989381 0,200000 -1,000000 -101,000000 0,000000 0,000000
145 1718989367 0,200000 -1,000000 -101,000000 0,000000 0,000000
145 1718989368 0,200000 -1,000000 -101,000000 0,000000 0,000000
145 1718989369 0,200000 -1,000000 -101,000000 0,000000 0,000000
145 1718989370 0,200000 -1,000000 -101,000000 0,000000 0,000000
145 1718989371 0,200000 -1,000000 -101,000000 0,000000 0,000000
151 1718989377 0,200000 -1,000000 -101,000000 0,000000 0,000000
151 1718989378 0,200000 -1,000000 -101,000000 0,000000 0,000000
151 1718989379 0,200000 -1,000000 -101,000000 0,000000 0,000000
151 1718989380 0,200000 -1,000000 -101,000000 0,000000 0,000000
151 1718989381 0,200000 -1,000000 -101,000000 0,000000 0,000000
142 1718989412 0,200000 -1,000000 -101,000000 0,000000 0,000000
142 1718989413 0,200000 -1,000000 -101,000000 0,000000 0,000000
142 1718989414 0,200000 -1,000000 -101,000000 0,000000 0,000000
142 1718989415 0,200000 -1,000000 -101,000000 0,000000 0,000000
142 1718989416 0,200000 -1,000000 -101,000000 0,000000 0,000000
142 1718989462 0,600000 -1,000000 -101,000000 0,000000 0,000000
142 1718989463 0,600000 -1,000000 -101,000000 0,000000 0,000000
142 1718989464 0,600000 -1,000000 -101,000000 0,000000 0,000000
142 1718989465 0,600000 -1,000000 -101,000000 0,000000 0,000000
142 1718989466 0,600000 -1,000000 -101,000000 0,000000 0,000000
142 1718989467 0,600000 -1,000000 -101,000000 0,000000 0,000000
142 1718989468 0,600000 -1,000000 -101,000000 0,000000 0,000000
142 1718989469 0,600000 -1,000000 -101,000000 0,000000 0,000000
142 1718989470 0,600000 -1,000000 -101,000000 0,000000 0,000000
142 1718989471 0,600000 -1,000000 -101,000000 0,000000 0,000000
145 1718989412 0,200000 -1,000000 -101,000000 0,000000 0,000000
145 1718989413 0,200000 -1,000000 -101,000000 0,000000 0,000000
145 1718989414 0,200000 -1,000000 -101,000000 0,000000 0,000000
145 1718989415 0,200000 -1,000000 -101,000000 0,000000 0,000000
145 1718989416 0,200000 -1,000000 -101,000000 0,000000 0,000000
145 1718989462 0,600000 -1,000000 -101,000000 0,000000 0,000000
145 1718989463 0,600000 -1,000000 -101,000000 0,000000 0,000000
145 1718989464 0,600000 -1,000000 -101,000000 0,000000 0,000000
145 1718989465 0,600000 -1,000000 -101,000000 0,000000 0,000000
145 1718989466 0,600000 -1,000000 -101,000000 0,000000 0,000000
145 1718989467 0,600000 -1,000000 -101,000000 0,000000 0,000000
145 1718989468 0,600000 -1,000000 -101,000000 0,000000 0,000000
145 1718989469 0,600000 -1,000000 -101,000000 0,000000 0,000000
145 1718989470 0,600000 -1,000000 -101,000000 0,000000 0,000000
145 1718989471 0,600000 -1,000000 -101,000000 0,000000 0,000000
142 1718989522 0,200000 -1,000000 -101,000000 0,000000 0,000000
142 1718989523 0,200000 -1,000000 -101,000000 0,000000 0,000000
142 1718989524 0,200000 -1,000000 -101,000000 0,000000 0,000000
142 1718989525 0,200000 -1,000000 -101,000000 0,000000 0,000000
142 1718989526 0,200000 -1,000000 -101,000000 0,000000 0,000000
142 1718989567 0,200000 -1,000000 -101,000000 0,000000 0,000000
142 1718989568 0,200000 -1,000000 -101,000000 0,000000 0,000000
142 1718989569 0,200000 -1,000000 -101,000000 0,000000 0,000000
142 1718989570 0,200000 -1,000000 -101,000000 0,000000 0,000000
142 1718989571 0,200000 -1,000000 -101,000000 0,000000 0,000000
145 1718989567 0,200000 -1,000000 -101,000000 0,000000 0,000000
145 1718989568 0,200000 -1,000000 -101,000000 0,000000 0,000000
145 1718989569 0,200000 -1,000000 -101,000000 0,000000 0,000000
145 1718989570 0,200000 -1,000000 -101,000000 0,000000 0,000000
145 1718989571 0,200000 -1,000000 -101,000000 0,000000 0,000000
151 1718989522 0,200000 -1,000000 -101,000000 0,000000 0,000000
151 1718989523 0,200000 -1,000000 -101,000000 0,000000 0,000000
151 1718989524 0,200000 -1,000000 -101,000000 0,000000 0,000000
151 1718989525 0,200000 -1,000000 -101,000000 0,000000 0,000000
151 1718989526 0,200000 -1,000000 -101,000000 0,000000 0,000000
142 1718989662 0,400000 -1,000000 -101,000000 0,000000 0,000000
142 1718989663 0,400000 -1,000000 -101,000000 0,000000 0,000000
142 1718989664 0,400000 -1,000000 -101,000000 0,000000 0,000000
142 1718989665 0,400000 -1,000000 -101,000000 0,000000 0,000000
142 1718989666 0,400000 -1,000000 -101,000000 0,000000 0,000000
142 1718989667 0,800000 -1,000000 -101,000000 0,000000 0,000000
142 1718989668 0,800000 -1,000000 -101,000000 0,000000 0,000000
142 1718989669 0,800000 -1,000000 -101,000000 0,000000 0,000000
142 1718989670 0,800000 -1,000000 -101,000000 0,000000 0,000000
142 1718989671 0,800000 -1,000000 -101,000000 0,000000 0,000000
142 1718989672 0,200000 -1,000000 -101,000000 0,000000 0,000000
142 1718989673 0,200000 -1,000000 -101,000000 0,000000 0,000000
142 1718989674 0,200000 -1,000000 -101,000000 0,000000 0,000000
142 1718989675 0,200000 -1,000000 -101,000000 0,000000 0,000000
142 1718989676 0,200000 -1,000000 -101,000000 0,000000 0,000000
145 1718989662 0,400000 -1,000000 -101,000000 0,000000 0,000000
145 1718989663 0,400000 -1,000000 -101,000000 0,000000 0,000000
145 1718989664 0,400000 -1,000000 -101,000000 0,000000 0,000000
145 1718989665 0,400000 -1,000000 -101,000000 0,000000 0,000000
145 1718989666 0,400000 -1,000000 -101,000000 0,000000 0,000000
145 1718989667 0,800000 -1,000000 -101,000000 0,000000 0,000000
145 1718989668 0,800000 -1,000000 -101,000000 0,000000 0,000000
145 1718989669 0,800000 -1,000000 -101,000000 0,000000 0,000000
145 1718989670 0,800000 -1,000000 -101,000000 0,000000 0,000000
145 1718989671 0,800000 -1,000000 -101,000000 0,000000 0,000000
142 1718989712 0,200000 -1,000000 -101,000000 0,000000 0,000000
142 1718989713 0,200000 -1,000000 -101,000000 0,000000 0,000000
142 1718989714 0,200000 -1,000000 -101,000000 0,000000 0,000000
142 1718989715 0,200000 -1,000000 -101,000000 0,000000 0,000000
142 1718989716 0,200000 -1,000000 -101,000000 0,000000 0,000000
145 1718989712 0,200000 -1,000000 -101,000000 0,000000 0,000000
145 1718989713 0,200000 -1,000000 -101,000000 0,000000 0,000000
145 1718989714 0,200000 -1,000000 -101,000000 0,000000 0,000000
145 1718989715 0,200000 -1,000000 -101,000000 0,000000 0,000000
145 1718989716 0,200000 -1,000000 -101,000000 0,000000 0,000000
151 1718989672 0,200000 -1,000000 -101,000000 0,000000 0,000000
151 1718989673 0,200000 -1,000000 -101,000000 0,000000 0,000000
151 1718989674 0,200000 -1,000000 -101,000000 0,000000 0,000000
151 1718989675 0,200000 -1,000000 -101,000000 0,000000 0,000000
151 1718989676 0,200000 -1,000000 -101,000000 0,000000 0,000000
142 1718989767 0,200000 -1,000000 -101,000000 0,000000 0,000000
142 1718989768 0,200000 -1,000000 -101,000000 0,000000 0,000000
142 1718989769 0,200000 -1,000000 -101,000000 0,000000 0,000000
142 1718989770 0,200000 -1,000000 -101,000000 0,000000 0,000000
142 1718989771 0,200000 -1,000000 -101,000000 0,000000 0,000000
145 1718989767 0,200000 -1,000000 -101,000000 0,000000 0,000000
145 1718989768 0,200000 -1,000000 -101,000000 0,000000 0,000000
145 1718989769 0,200000 -1,000000 -101,000000 0,000000 0,000000
145 1718989770 0,200000 -1,000000 -101,000000 0,000000 0,000000
145 1718989771 0,200000 -1,000000 -101,000000 0,000000 0,000000
142 1718989812 0,200000 -1,000000 -101,000000 0,000000 0,000000
142 1718989813 0,200000 -1,000000 -101,000000 0,000000 0,000000
142 1718989814 0,200000 -1,000000 -101,000000 0,000000 0,000000
142 1718989815 0,200000 -1,000000 -101,000000 0,000000 0,000000
142 1718989816 0,200000 -1,000000 -101,000000 0,000000 0,000000
142 1718989832 0,200000 -1,000000 -101,000000 0,000000 0,000000
142 1718989833 0,200000 -1,000000 -101,000000 0,000000 0,000000
142 1718989834 0,200000 -1,000000 -101,000000 0,000000 0,000000
142 1718989835 0,200000 -1,000000 -101,000000 0,000000 0,000000
142 1718989836 0,200000 -1,000000 -101,000000 0,000000 0,000000
145 1718989812 0,200000 -1,000000 -101,000000 0,000000 0,000000
145 1718989813 0,200000 -1,000000 -101,000000 0,000000 0,000000
145 1718989814 0,200000 -1,000000 -101,000000 0,000000 0,000000
145 1718989815 0,200000 -1,000000 -101,000000 0,000000 0,000000
145 1718989816 0,200000 -1,000000 -101,000000 0,000000 0,000000
151 1718989832 0,200000 -1,000000 -101,000000 0,000000 0,000000
151 1718989833 0,200000 -1,000000 -101,000000 0,000000 0,000000
151 1718989834 0,200000 -1,000000 -101,000000 0,000000 0,000000
151 1718989835 0,200000 -1,000000 -101,000000 0,000000 0,000000
151 1718989836 0,200000 -1,000000 -101,000000 0,000000 0,000000
142 1718989857 0,200000 -1,000000 -101,000000 0,000000 0,000000
142 1718989858 0,200000 -1,000000 -101,000000 0,000000 0,000000
142 1718989859 0,200000 -1,000000 -101,000000 0,000000 0,000000
142 1718989860 0,200000 -1,000000 -101,000000 0,000000 0,000000
142 1718989861 0,200000 -1,000000 -101,000000 0,000000 0,000000
142 1718989862 0,200000 -1,000000 -101,000000 0,000000 0,000000
142 1718989863 0,200000 -1,000000 -101,000000 0,000000 0,000000
142 1718989864 0,200000 -1,000000 -101,000000 0,000000 0,000000
142 1718989865 0,200000 -1,000000 -101,000000 0,000000 0,000000
142 1718989866 0,200000 -1,000000 -101,000000 0,000000 0,000000
142 1718989867 1,000000 -1,000000 -101,000000 0,000000 0,000000
142 1718989868 1,000000 -1,000000 -101,000000 0,000000 0,000000
142 1718989869 1,000000 -1,000000 -101,000000 0,000000 0,000000
142 1718989870 1,000000 -1,000000 -101,000000 0,000000 0,000000
142 1718989871 1,000000 -1,000000 -101,000000 0,000000 0,000000
142 1718989907 0,200000 -1,000000 -101,000000 0,000000 0,000000
142 1718989908 0,200000 -1,000000 -101,000000 0,000000 0,000000
142 1718989909 0,200000 -1,000000 -101,000000 0,000000 0,000000
142 1718989910 0,200000 -1,000000 -101,000000 0,000000 0,000000
142 1718989911 0,200000 -1,000000 -101,000000 0,000000 0,000000
145 1718989857 0,200000 -1,000000 -101,000000 0,000000 0,000000
145 1718989858 0,200000 -1,000000 -101,000000 0,000000 0,000000
145 1718989859 0,200000 -1,000000 -101,000000 0,000000 0,000000
145 1718989860 0,200000 -1,000000 -101,000000 0,000000 0,000000
145 1718989861 0,200000 -1,000000 -101,000000 0,000000 0,000000
145 1718989862 0,200000 -1,000000 -101,000000 0,000000 0,000000
145 1718989863 0,200000 -1,000000 -101,000000 0,000000 0,000000
145 1718989864 0,200000 -1,000000 -101,000000 0,000000 0,000000
145 1718989865 0,200000 -1,000000 -101,000000 0,000000 0,000000
145 1718989866 0,200000 -1,000000 -101,000000 0,000000 0,000000
145 1718989867 1,000000 -1,000000 -101,000000 0,000000 0,000000
145 1718989868 1,000000 -1,000000 -101,000000 0,000000 0,000000
145 1718989869 1,000000 -1,000000 -101,000000 0,000000 0,000000
145 1718989870 1,000000 -1,000000 -101,000000 0,000000 0,000000
145 1718989871 1,000000 -1,000000 -101,000000 0,000000 0,000000
145 1718989907 0,200000 -1,000000 -101,000000 0,000000 0,000000
145 1718989908 0,200000 -1,000000 -101,000000 0,000000 0,000000
145 1718989909 0,200000 -1,000000 -101,000000 0,000000 0,000000
145 1718989910 0,200000 -1,000000 -101,000000 0,000000 0,000000
145 1718989911 0,200000 -1,000000 -101,000000 0,000000 0,000000
142 1718989972 0,400000 -1,000000 -101,000000 0,000000 0,000000
142 1718989973 0,400000 -1,000000 -101,000000 0,000000 0,000000
142 1718989974 0,400000 -1,000000 -101,000000 0,000000 0,000000
142 1718989975 0,400000 -1,000000 -101,000000 0,000000 0,000000
142 1718989976 0,400000 -1,000000 -101,000000 0,000000 0,000000
145 1718989972 0,200000 -1,000000 -101,000000 0,000000 0,000000
145 1718989973 0,200000 -1,000000 -101,000000 0,000000 0,000000
145 1718989974 0,200000 -1,000000 -101,000000 0,000000 0,000000
145 1718989975 0,200000 -1,000000 -101,000000 0,000000 0,000000
145 1718989976 0,200000 -1,000000 -101,000000 0,000000 0,000000
142 1718990017 0,200000 -1,000000 -101,000000 0,000000 0,000000
142 1718990018 0,200000 -1,000000 -101,000000 0,000000 0,000000
142 1718990019 0,200000 -1,000000 -101,000000 0,000000 0,000000
142 1718990020 0,200000 -1,000000 -101,000000 0,000000 0,000000
142 1718990021 0,200000 -1,000000 -101,000000 0,000000 0,000000
145 1718990017 0,200000 -1,000000 -101,000000 0,000000 0,000000
145 1718990018 0,200000 -1,000000 -101,000000 0,000000 0,000000
145 1718990019 0,200000 -1,000000 -101,000000 0,000000 0,000000
145 1718990020 0,200000 -1,000000 -101,000000 0,000000 0,000000
145 1718990021 0,200000 -1,000000 -101,000000 0,000000 0,000000
151 1718989972 0,200000 -1,000000 -101,000000 0,000000 0,000000
151 1718989973 0,200000 -1,000000 -101,000000 0,000000 0,000000
151 1718989974 0,200000 -1,000000 -101,000000 0,000000 0,000000
151 1718989975 0,200000 -1,000000 -101,000000 0,000000 0,000000
151 1718989976 0,200000 -1,000000 -101,000000 0,000000 0,000000
142 1718990057 0,200000 -1,000000 -101,000000 0,000000 0,000000
142 1718990058 0,200000 -1,000000 -101,000000 0,000000 0,000000
142 1718990059 0,200000 -1,000000 -101,000000 0,000000 0,000000
142 1718990060 0,200000 -1,000000 -101,000000 0,000000 0,000000
142 1718990061 0,200000 -1,000000 -101,000000 0,000000 0,000000
142 1718990062 0,200000 -1,000000 -101,000000 0,000000 0,000000
142 1718990063 0,200000 -1,000000 -101,000000 0,000000 0,000000
142 1718990064 0,200000 -1,000000 -101,000000 0,000000 0,000000
142 1718990065 0,200000 -1,000000 -101,000000 0,000000 0,000000
142 1718990066 0,200000 -1,000000 -101,000000 0,000000 0,000000
142 1718990067 0,600000 -1,000000 -101,000000 0,000000 0,000000
142 1718990068 0,600000 -1,000000 -101,000000 0,000000 0,000000
142 1718990069 0,600000 -1,000000 -101,000000 0,000000 0,000000
142 1718990070 0,600000 -1,000000 -101,000000 0,000000 0,000000
142 1718990071 0,600000 -1,000000 -101,000000 0,000000 0,000000
142 1718990072 0,400000 -1,000000 -101,000000 0,000000 0,000000
142 1718990073 0,400000 -1,000000 -101,000000 0,000000 0,000000
142 1718990074 0,400000 -1,000000 -101,000000 0,000000 0,000000
142 1718990075 0,400000 -1,000000 -101,000000 0,000000 0,000000
142 1718990076 0,400000 -1,000000 -101,000000 0,000000 0,000000
145 1718990057 0,200000 -1,000000 -101,000000 0,000000 0,000000
145 1718990058 0,200000 -1,000000 -101,000000 0,000000 0,000000
145 1718990059 0,200000 -1,000000 -101,000000 0,000000 0,000000
145 1718990060 0,200000 -1,000000 -101,000000 0,000000 0,000000
145 1718990061 0,200000 -1,000000 -101,000000 0,000000 0,000000
145 1718990062 0,200000 -1,000000 -101,000000 0,000000 0,000000
145 1718990063 0,200000 -1,000000 -101,000000 0,000000 0,000000
145 1718990064 0,200000 -1,000000 -101,000000 0,000000 0,000000
145 1718990065 0,200000 -1,000000 -101,000000 0,000000 0,000000
145 1718990066 0,200000 -1,000000 -101,000000 0,000000 0,000000
145 1718990067 0,600000 -1,000000 -101,000000 0,000000 0,000000
145 1718990068 0,600000 -1,000000 -101,000000 0,000000 0,000000
145 1718990069 0,600000 -1,000000 -101,000000 0,000000 0,000000
145 1718990070 0,600000 -1,000000 -101,000000 0,000000 0,000000
145 1718990071 0,600000 -1,000000 -101,000000 0,000000 0,000000
145 1718990072 0,400000 -1,000000 -101,000000 0,000000 0,000000
145 1718990073 0,400000 -1,000000 -101,000000 0,000000 0,000000
145 1718990074 0,400000 -1,000000 -101,000000 0,000000 0,000000
145 1718990075 0,400000 -1,000000 -101,000000 0,000000 0,000000
145 1718990076 0,400000 -1,000000 -101,000000 0,000000 0,000000
142 1718990112 0,200000 -1,000000 -101,000000 0,000000 0,000000
142 1718990113 0,200000 -1,000000 -101,000000 0,000000 0,000000
142 1718990114 0,200000 -1,000000 -101,000000 0,000000 0,000000
142 1718990115 0,200000 -1,000000 -101,000000 0,000000 0,000000
142 1718990116 0,200000 -1,000000 -101,000000 0,000000 0,000000
142 1718990127 0,200000 -1,000000 -101,000000 0,000000 0,000000
142 1718990128 0,200000 -1,000000 -101,000000 0,000000 0,000000
142 1718990129 0,200000 -1,000000 -101,000000 0,000000 0,000000
142 1718990130 0,200000 -1,000000 -101,000000 0,000000 0,000000
142 1718990131 0,200000 -1,000000 -101,000000 0,000000 0,000000
145 1718990112 0,200000 -1,000000 -101,000000 0,000000 0,000000
145 1718990113 0,200000 -1,000000 -101,000000 0,000000 0,000000
145 1718990114 0,200000 -1,000000 -101,000000 0,000000 0,000000
145 1718990115 0,200000 -1,000000 -101,000000 0,000000 0,000000
145 1718990116 0,200000 -1,000000 -101,000000 0,000000 0,000000
142 1718990167 0,200000 -1,000000 -101,000000 0,000000 0,000000
142 1718990168 0,200000 -1,000000 -101,000000 0,000000 0,000000
142 1718990169 0,200000 -1,000000 -101,000000 0,000000 0,000000
142 1718990170 0,200000 -1,000000 -101,000000 0,000000 0,000000
142 1718990171 0,200000 -1,000000 -101,000000 0,000000 0,000000
145 1718990167 0,200000 -1,000000 -101,000000 0,000000 0,000000
145 1718990168 0,200000 -1,000000 -101,000000 0,000000 0,000000
145 1718990169 0,200000 -1,000000 -101,000000 0,000000 0,000000
145 1718990170 0,200000 -1,000000 -101,000000 0,000000 0,000000
145 1718990171 0,200000 -1,000000 -101,000000 0,000000 0,000000
142 1718990212 0,200000 -1,000000 -101,000000 0,000000 0,000000
142 1718990213 0,200000 -1,000000 -101,000000 0,000000 0,000000
142 1718990214 0,200000 -1,000000 -101,000000 0,000000 0,000000
142 1718990215 0,200000 -1,000000 -101,000000 0,000000 0,000000
142 1718990216 0,200000 -1,000000 -101,000000 0,000000 0,000000
145 1718990212 0,200000 -1,000000 -101,000000 0,000000 0,000000
145 1718990213 0,200000 -1,000000 -101,000000 0,000000 0,000000
145 1718990214 0,200000 -1,000000 -101,000000 0,000000 0,000000
145 1718990215 0,200000 -1,000000 -101,000000 0,000000 0,000000
145 1718990216 0,200000 -1,000000 -101,000000 0,000000 0,000000
142 1718990257 0,200000 -1,000000 -101,000000 0,000000 0,000000
142 1718990258 0,200000 -1,000000 -101,000000 0,000000 0,000000
142 1718990259 0,200000 -1,000000 -101,000000 0,000000 0,000000
142 1718990260 0,200000 -1,000000 -101,000000 0,000000 0,000000
142 1718990261 0,200000 -1,000000 -101,000000 0,000000 0,000000
142 1718990262 0,600000 -1,000000 -101,000000 0,000000 0,000000
142 1718990263 0,600000 -1,000000 -101,000000 0,000000 0,000000
142 1718990264 0,600000 -1,000000 -101,000000 0,000000 0,000000
142 1718990265 0,600000 -1,000000 -101,000000 0,000000 0,000000
142 1718990266 0,600000 -1,000000 -101,000000 0,000000 0,000000
142 1718990267 0,600000 -1,000000 -101,000000 0,000000 0,000000
142 1718990268 0,600000 -1,000000 -101,000000 0,000000 0,000000
142 1718990269 0,600000 -1,000000 -101,000000 0,000000 0,000000
142 1718990270 0,600000 -1,000000 -101,000000 0,000000 0,000000
142 1718990271 0,600000 -1,000000 -101,000000 0,000000 0,000000
145 1718990257 0,200000 -1,000000 -101,000000 0,000000 0,000000
145 1718990258 0,200000 -1,000000 -101,000000 0,000000 0,000000
145 1718990259 0,200000 -1,000000 -101,000000 0,000000 0,000000
145 1718990260 0,200000 -1,000000 -101,000000 0,000000 0,000000
145 1718990261 0,200000 -1,000000 -101,000000 0,000000 0,000000
145 1718990262 0,600000 -1,000000 -101,000000 0,000000 0,000000
145 1718990263 0,600000 -1,000000 -101,000000 0,000000 0,000000
145 1718990264 0,600000 -1,000000 -101,000000 0,000000 0,000000
145 1718990265 0,600000 -1,000000 -101,000000 0,000000 0,000000
145 1718990266 0,600000 -1,000000 -101,000000 0,000000 0,000000
145 1718990267 0,600000 -1,000000 -101,000000 0,000000 0,000000
145 1718990268 0,600000 -1,000000 -101,000000 0,000000 0,000000
145 1718990269 0,600000 -1,000000 -101,000000 0,000000 0,000000
145 1718990270 0,600000 -1,000000 -101,000000 0,000000 0,000000
145 1718990271 0,600000 -1,000000 -101,000000 0,000000 0,000000
142 1718990312 0,200000 -1,000000 -101,000000 0,000000 0,000000
142 1718990313 0,200000 -1,000000 -101,000000 0,000000 0,000000
142 1718990314 0,200000 -1,000000 -101,000000 0,000000 0,000000
142 1718990315 0,200000 -1,000000 -101,000000 0,000000 0,000000
142 1718990316 0,200000 -1,000000 -101,000000 0,000000 0,000000
145 1718990312 0,200000 -1,000000 -101,000000 0,000000 0,000000
145 1718990313 0,200000 -1,000000 -101,000000 0,000000 0,000000
145 1718990314 0,200000 -1,000000 -101,000000 0,000000 0,000000
145 1718990315 0,200000 -1,000000 -101,000000 0,000000 0,000000
145 1718990316 0,200000 -1,000000 -101,000000 0,000000 0,000000
142 1718990362 0,200000 -1,000000 -101,000000 0,000000 0,000000
142 1718990363 0,200000 -1,000000 -101,000000 0,000000 0,000000
142 1718990364 0,200000 -1,000000 -101,000000 0,000000 0,000000
142 1718990365 0,200000 -1,000000 -101,000000 0,000000 0,000000
142 1718990366 0,200000 -1,000000 -101,000000 0,000000 0,000000
145 1718990362 0,200000 -1,000000 -101,000000 0,000000 0,000000
145 1718990363 0,200000 -1,000000 -101,000000 0,000000 0,000000
145 1718990364 0,200000 -1,000000 -101,000000 0,000000 0,000000
145 1718990365 0,200000 -1,000000 -101,000000 0,000000 0,000000
145 1718990366 0,200000 -1,000000 -101,000000 0,000000 0,000000
142 1718990412 0,200000 -1,000000 -101,000000 0,000000 0,000000
142 1718990413 0,200000 -1,000000 -101,000000 0,000000 0,000000
142 1718990414 0,200000 -1,000000 -101,000000 0,000000 0,000000
142 1718990415 0,200000 -1,000000 -101,000000 0,000000 0,000000
142 1718990416 0,200000 -1,000000 -101,000000 0,000000 0,000000
145 1718990412 0,200000 -1,000000 -101,000000 0,000000 0,000000
145 1718990413 0,200000 -1,000000 -101,000000 0,000000 0,000000
145 1718990414 0,200000 -1,000000 -101,000000 0,000000 0,000000
145 1718990415 0,200000 -1,000000 -101,000000 0,000000 0,000000
145 1718990416 0,200000 -1,000000 -101,000000 0,000000 0,000000
142 1718990467 1,000000 -1,000000 -101,000000 0,000000 0,000000
142 1718990468 1,000000 -1,000000 -101,000000 0,000000 0,000000
142 1718990469 1,000000 -1,000000 -101,000000 0,000000 0,000000
142 1718990470 1,000000 -1,000000 -101,000000 0,000000 0,000000
142 1718990471 1,000000 -1,000000 -101,000000 0,000000 0,000000
142 1718990472 0,400000 -1,000000 -101,000000 0,000000 0,000000
142 1718990473 0,400000 -1,000000 -101,000000 0,000000 0,000000
142 1718990474 0,400000 -1,000000 -101,000000 0,000000 0,000000
142 1718990475 0,400000 -1,000000 -101,000000 0,000000 0,000000
142 1718990476 0,400000 -1,000000 -101,000000 0,000000 0,000000
145 1718990467 1,000000 -1,000000 -101,000000 0,000000 0,000000
145 1718990468 1,000000 -1,000000 -101,000000 0,000000 0,000000
145 1718990469 1,000000 -1,000000 -101,000000 0,000000 0,000000
145 1718990470 1,000000 -1,000000 -101,000000 0,000000 0,000000
145 1718990471 1,000000 -1,000000 -101,000000 0,000000 0,000000
145 1718990472 0,400000 -1,000000 -101,000000 0,000000 0,000000
145 1718990473 0,400000 -1,000000 -101,000000 0,000000 0,000000
145 1718990474 0,400000 -1,000000 -101,000000 0,000000 0,000000
145 1718990475 0,400000 -1,000000 -101,000000 0,000000 0,000000
145 1718990476 0,400000 -1,000000 -101,000000 0,000000 0,000000
142 1718990607 0,200000 -1,000000 -101,000000 0,000000 0,000000
142 1718990608 0,200000 -1,000000 -101,000000 0,000000 0,000000
142 1718990609 0,200000 -1,000000 -101,000000 0,000000 0,000000
142 1718990610 0,200000 -1,000000 -101,000000 0,000000 0,000000
142 1718990611 0,200000 -1,000000 -101,000000 0,000000 0,000000
145 1718990607 0,200000 -1,000000 -101,000000 0,000000 0,000000
145 1718990608 0,200000 -1,000000 -101,000000 0,000000 0,000000
145 1718990609 0,200000 -1,000000 -101,000000 0,000000 0,000000
145 1718990610 0,200000 -1,000000 -101,000000 0,000000 0,000000
145 1718990611 0,200000 -1,000000 -101,000000 0,000000 0,000000
142 1718990662 0,400000 -1,000000 -101,000000 0,000000 0,000000
142 1718990663 0,400000 -1,000000 -101,000000 0,000000 0,000000
142 1718990664 0,400000 -1,000000 -101,000000 0,000000 0,000000
142 1718990665 0,400000 -1,000000 -101,000000 0,000000 0,000000
142 1718990666 0,400000 -1,000000 -101,000000 0,000000 0,000000
142 1718990667 0,600000 -1,000000 -101,000000 0,000000 0,000000
142 1718990668 0,600000 -1,000000 -101,000000 0,000000 0,000000
142 1718990669 0,600000 -1,000000 -101,000000 0,000000 0,000000
142 1718990670 0,600000 -1,000000 -101,000000 0,000000 0,000000
142 1718990671 0,600000 -1,000000 -101,000000 0,000000 0,000000
142 1718990672 0,200000 -1,000000 -101,000000 0,000000 0,000000
142 1718990673 0,200000 -1,000000 -101,000000 0,000000 0,000000
142 1718990674 0,200000 -1,000000 -101,000000 0,000000 0,000000
142 1718990675 0,200000 -1,000000 -101,000000 0,000000 0,000000
142 1718990676 0,200000 -1,000000 -101,000000 0,000000 0,000000
142 1718990712 0,200000 -1,000000 -101,000000 0,000000 0,000000
142 1718990713 0,200000 -1,000000 -101,000000 0,000000 0,000000
142 1718990714 0,200000 -1,000000 -101,000000 0,000000 0,000000
142 1718990715 0,200000 -1,000000 -101,000000 0,000000 0,000000
142 1718990716 0,200000 -1,000000 -101,000000 0,000000 0,000000
145 1718990662 0,400000 -1,000000 -101,000000 0,000000 0,000000
145 1718990663 0,400000 -1,000000 -101,000000 0,000000 0,000000
145 1718990664 0,400000 -1,000000 -101,000000 0,000000 0,000000
145 1718990665 0,400000 -1,000000 -101,000000 0,000000 0,000000
145 1718990666 0,400000 -1,000000 -101,000000 0,000000 0,000000
145 1718990667 0,600000 -1,000000 -101,000000 0,000000 0,000000
145 1718990668 0,600000 -1,000000 -101,000000 0,000000 0,000000
145 1718990669 0,600000 -1,000000 -101,000000 0,000000 0,000000
145 1718990670 0,600000 -1,000000 -101,000000 0,000000 0,000000
145 1718990671 0,600000 -1,000000 -101,000000 0,000000 0,000000
145 1718990672 0,200000 -1,000000 -101,000000 0,000000 0,000000
145 1718990673 0,200000 -1,000000 -101,000000 0,000000 0,000000
145 1718990674 0,200000 -1,000000 -101,000000 0,000000 0,000000
145 1718990675 0,200000 -1,000000 -101,000000 0,000000 0,000000
145 1718990676 0,200000 -1,000000 -101,000000 0,000000 0,000000
145 1718990712 0,200000 -1,000000 -101,000000 0,000000 0,000000
145 1718990713 0,200000 -1,000000 -101,000000 0,000000 0,000000
145 1718990714 0,200000 -1,000000 -101,000000 0,000000 0,000000
145 1718990715 0,200000 -1,000000 -101,000000 0,000000 0,000000
145 1718990716 0,200000 -1,000000 -101,000000 0,000000 0,000000
142 1718990862 0,600000 -1,000000 -101,000000 0,000000 0,000000
142 1718990863 0,600000 -1,000000 -101,000000 0,000000 0,000000
142 1718990864 0,600000 -1,000000 -101,000000 0,000000 0,000000
142 1718990865 0,600000 -1,000000 -101,000000 0,000000 0,000000
142 1718990866 0,600000 -1,000000 -101,000000 0,000000 0,000000
142 1718990867 0,400000 -1,000000 -101,000000 0,000000 0,000000
142 1718990868 0,400000 -1,000000 -101,000000 0,000000 0,000000
142 1718990869 0,400000 -1,000000 -101,000000 0,000000 0,000000
142 1718990870 0,400000 -1,000000 -101,000000 0,000000 0,000000
142 1718990871 0,400000 -1,000000 -101,000000 0,000000 0,000000
145 1718990862 0,600000 -1,000000 -101,000000 0,000000 0,000000
145 1718990863 0,600000 -1,000000 -101,000000 0,000000 0,000000
145 1718990864 0,600000 -1,000000 -101,000000 0,000000 0,000000
145 1718990865 0,600000 -1,000000 -101,000000 0,000000 0,000000
145 1718990866 0,600000 -1,000000 -101,000000 0,000000 0,000000
145 1718990867 0,400000 -1,000000 -101,000000 0,000000 0,000000
145 1718990868 0,400000 -1,000000 -101,000000 0,000000 0,000000
145 1718990869 0,400000 -1,000000 -101,000000 0,000000 0,000000
145 1718990870 0,400000 -1,000000 -101,000000 0,000000 0,000000
145 1718990871 0,400000 -1,000000 -101,000000 0,000000 0,000000
